=======================================
letter_fraction:0.4_epochs:200_no of selection:10 2020-09-12 17:43:54.843350
letter :Budget =  0.4
Validation Accuracy
---------------------------------------------------------------------
|Algo                            |420|840|1260|1680|2100|2520|2940|3360|3780|4200|
| One Step Taylor |18.68888888888889|36.55555555555556|59.6|67.2|71.75555555555556|73.6|76.6|78.2|80.08888888888889|80.28888888888889|
| Fac Loc Reg One Step |18.68888888888889|38.06666666666667|58.68888888888889|66.31111111111112|71.8|74.4|76.4888888888889|78.68888888888888|79.91111111111111|79.64444444444445|
| Rand Reg One Step |18.68888888888889|39.6|61.8|67.62222222222222|72.26666666666667|74.2|77.33333333333333|79.08888888888889|80.84444444444445|81.46666666666667|
| Facility Location |18.68888888888889|49.044444444444444|64.93333333333334|69.71111111111111|73.37777777777778|75.64444444444445|76.42222222222222|76.97777777777777|79.13333333333334|79.66666666666667|
| FASS |18.68888888888889|45.13333333333333|65.55555555555556|71.5111111111111|73.8|76.75555555555556|78.17777777777778|80.82222222222222|81.44444444444444|82.37777777777778|
| Random |18.68888888888889|49.31111111111111|67.13333333333334|70.53333333333333|74.08888888888889|75.26666666666667|76.42222222222222|77.04444444444445|78.88888888888889|79.35555555555555|
| BADGE |2.577777777777778|30.68888888888889|50.77777777777778|60.733333333333334|2.577777777777778|68.2|71.35555555555555|73.5111111111111|75.4888888888889|76.82222222222222|
---------------------------------------------------------------------


Test Accuracy
---------------------------------------------------------------------
|Algo                            |420|840|1260|1680|2100|2520|2940|3360|3780|4200|
| One Step Taylor |17.7|35.88|59.6|66.94|71.76|73.14|75.8|78.44|80.02|80.0|
| Fac Loc Reg One Step |17.7|37.3|59.02|66.88|71.8|74.24|76.6|78.24|79.24|78.84|
| Rand Reg One Step |17.7|38.54|61.66|66.86|72.36|74.76|76.28|79.28|79.98|81.1|
| Facility Location |17.7|48.66|64.66|69.08|73.22|75.72|77.0|76.82|78.92|79.44|
| FASS |17.7|45.58|63.94|69.8|72.86|76.12|77.56|79.78|81.16|81.66|
| Random |17.7|49.48|66.5|70.44|72.98|75.64|76.02|77.5|78.58|79.38|
| BADGE |2.54|29.64|49.7|61.24|2.54|67.8|70.56|73.18|75.0|76.78|
---------------------------------------------------------------------


Unlabeled data Accuracy
---------------------------------------------------------------------
|Algo                            |420|840|1260|1680|2100|2520|2940|3360|3780|4200|
| One Step Taylor |18.61111111111111|35.113871635610764|56.417748917748916|64.47845804988663|69.20238095238095|72.61904761904762|76.97089947089947|79.91596638655462|83.30357142857143|85.25396825396825|
| Fac Loc Reg One Step |18.61111111111111|37.20496894409938|56.16883116883117|63.92290249433107|69.6547619047619|73.90977443609023|76.71957671957672|80.04201680672269|83.25892857142857|84.41269841269842|
| Rand Reg One Step |18.61111111111111|38.250517598343684|58.65800865800866|64.61451247165533|71.38095238095238|74.41102756892231|78.06878306878306|81.63865546218487|83.48214285714286|85.73015873015873|
| Facility Location |18.61111111111111|48.66459627329193|64.68614718614718|69.0702947845805|72.94047619047619|75.11278195488721|76.21693121693121|76.37254901960785|78.57142857142857|79.33333333333333|
| FASS |18.61111111111111|45.56935817805383|65.17316017316017|71.31519274376417|75.1547619047619|79.63659147869674|82.94973544973546|85.43417366946778|88.03571428571429|90.0|
| Random |18.61111111111111|49.896523178807946|66.6955017301038|70.34646739130434|73.38403041825094|75.1125|76.10759493670886|77.39955357142857|79.19135071090048|79.86111111111111|
| BADGE |2.638888888888889|30.134575569358176|49.967532467532465|61.723356009070294|2.630952380952381|68.94736842105263|72.5925925925926|75.33613445378151|77.75297619047619|79.92063492063492|
---------------------------------------------------------------------
