=======================================
dna_fraction:0.4_epochs:200_no of selection:10 2020-09-08 19:57:54.369515
dna :Budget =  0.4
Validation Accuracy
---------------------------------------------------------------------
|Algo                            |56|112|168|224|280|336|392|448|504|560|
| One Step Taylor |56.833333333333336|80.0|84.83333333333333|86.16666666666667|87.16666666666667|88.16666666666667|90.5|90.66666666666667|93.5|92.83333333333333|
| Fac Loc Reg One Step |56.833333333333336|80.16666666666667|86.83333333333333|89.16666666666667|92.0|91.16666666666667|94.5|94.0|94.66666666666667|95.33333333333333|
| Rand Reg One Step |56.833333333333336|80.66666666666667|85.5|87.83333333333333|90.16666666666667|93.33333333333333|91.83333333333333|93.83333333333333|93.33333333333333|94.0|
| Facility Location |56.833333333333336|64.16666666666667|72.5|77.16666666666667|79.16666666666667|81.0|78.33333333333333|77.66666666666667|78.66666666666667|75.33333333333333|
| FASS |56.833333333333336|66.0|71.0|74.83333333333333|78.5|79.33333333333333|79.33333333333333|82.5|82.16666666666667|83.0|
| Random |56.833333333333336|68.83333333333333|73.66666666666667|76.33333333333333|79.33333333333333|79.83333333333333|81.33333333333333|83.33333333333333|84.33333333333333|85.0|
| BADGE |40.833333333333336|76.33333333333333|81.16666666666667|85.0|85.5|88.66666666666667|90.5|91.16666666666667|92.83333333333333|92.5|
---------------------------------------------------------------------


Test Accuracy
---------------------------------------------------------------------
|Algo                            |56|112|168|224|280|336|392|448|504|560|
| One Step Taylor |58.68465430016863|77.90893760539629|83.30522765598651|84.48566610455312|87.09949409780776|87.43676222596964|87.68971332209107|90.3035413153457|92.32715008431703|91.8212478920742|
| Fac Loc Reg One Step |58.68465430016863|79.25801011804384|84.06408094435076|87.60539629005059|89.29173693086004|89.96627318718382|92.83305227655987|91.98988195615514|92.49578414839797|92.83305227655987|
| Rand Reg One Step |58.68465430016863|79.00505902192243|84.06408094435076|86.34064080944351|88.7858347386172|91.73693086003372|90.05059021922429|91.56829679595278|91.48397976391232|91.98988195615514|
| Facility Location |56.833333333333336|64.16666666666667|72.5|77.16666666666667|79.16666666666667|81.0|78.33333333333333|77.66666666666667|78.66666666666667|75.33333333333333|
| FASS |58.68465430016863|66.86340640809443|70.99494097807757|74.87352445193929|78.49915682967959|81.45025295109612|81.19730185497471|82.04047217537942|82.04047217537942|83.30522765598651|
| Random |58.68465430016863|70.23608768971332|74.36762225969646|75.46374367622259|81.11298482293424|81.19730185497471|83.13659359190557|81.70320404721754|83.97976391231029|83.89544688026982|
| BADGE |42.83305227655986|76.55986509274874|81.36593591905564|83.97976391231029|86.00337268128162|87.68971332209107|89.12310286677909|88.95446880269814|90.893760539629|91.73693086003372|
---------------------------------------------------------------------


Unlabeled data Accuracy
---------------------------------------------------------------------
|Algo                            |56|112|168|224|280|336|392|448|504|560|
| One Step Taylor |54.910714285714285|79.03726708074534|85.55194805194805|88.01020408163265|89.19642857142857|89.84962406015038|92.65873015873017|94.32773109243698|95.53571428571429|96.19047619047619|
| Fac Loc Reg One Step |54.910714285714285|79.96894409937889|86.85064935064935|88.69047619047619|91.78571428571429|92.38721804511279|94.94047619047619|95.48319327731092|97.20982142857143|97.85714285714286|
| Rand Reg One Step |54.910714285714285|79.20868890612878|86.54781199351702|89.65224766751484|91.54804270462634|93.54536950420955|94.2800788954635|95.82898852971846|95.79646017699115|97.2909305064782|
| Facility Location |54.910714285714285|62.11180124223603|67.93831168831169|72.1938775510204|74.01785714285714|73.7781954887218|73.90873015873017|74.5798319327731|73.77232142857143|71.9047619047619|
| FASS |54.910714285714285|64.41441441441441|69.16666666666667|74.2354740061162|75.69444444444444|78.58255451713396|79.63836477987421|81.9047619047619|82.9326923076923|84.3042071197411|
| Random |54.910714285714285|68.68217054263566|70.87378640776699|73.68866328257191|78.54609929078015|77.6536312849162|79.2156862745098|80.74534161490683|83.22368421052632|82.75058275058275|
| BADGE |40.029761904761905|78.26086956521739|83.27922077922078|85.28911564625851|89.10714285714286|90.41353383458646|93.05555555555556|93.27731092436974|94.41964285714286|96.19047619047619|
---------------------------------------------------------------------
