=======================================
usps_fraction:0.1_epochs:200_no of selection:10 2020-09-12 17:19:23.448633
usps :Budget =  0.1
Validation Accuracy
---------------------------------------------------------------------
|Algo                            |66|132|198|264|330|396|462|528|594|660|
| One Step Taylor |85.34246575342466|89.72602739726027|91.0958904109589|93.42465753424658|91.64383561643835|93.28767123287672|94.79452054794521|94.79452054794521|95.06849315068493|95.06849315068493|
| Fac Loc Reg One Step |85.34246575342466|88.76712328767124|91.36986301369863|92.87671232876713|94.65753424657534|94.24657534246575|94.79452054794521|94.38356164383562|95.75342465753425|93.15068493150685|
| Rand Reg One Step |85.34246575342466|89.72602739726027|92.1917808219178|93.83561643835617|93.42465753424658|94.24657534246575|95.34246575342466|94.24657534246575|95.06849315068493|95.47945205479452|
| Facility Location |85.34246575342466|89.58904109589041|89.31506849315069|89.45205479452055|90.95890410958904|90.95890410958904|91.64383561643835|91.36986301369863|91.36986301369863|90.82191780821918|
| FASS |85.34246575342466|90.95890410958904|93.28767123287672|95.20547945205479|96.3013698630137|96.16438356164383|95.89041095890411|95.89041095890411|96.57534246575342|96.71232876712328|
| Random |85.34246575342466|90.27397260273973|90.68493150684931|91.0958904109589|92.05479452054794|93.01369863013699|92.87671232876713|91.78082191780823|93.01369863013699|90.13698630136986|
| BADGE |85.34246575342466|85.20547945205479|90.68493150684931|92.1917808219178|94.10958904109589|94.52054794520548|95.34246575342466|96.02739726027397|96.84931506849315|96.57534246575342|
---------------------------------------------------------------------


Test Accuracy
---------------------------------------------------------------------
|Algo                            |66|132|198|264|330|396|462|528|594|660|
| One Step Taylor |79.4718485301445|85.20179372197309|86.44743398106627|88.24115595416043|88.5401096163428|86.44743398106627|89.43697060288989|89.23766816143498|89.48679621325361|90.43348281016442|
| Fac Loc Reg One Step |79.4718485301445|84.55406078724464|85.99900348779272|88.49028400597908|88.49028400597908|89.88540109616343|90.53313403089187|90.43348281016442|91.18086696562033|89.98505231689089|
| Rand Reg One Step |79.4718485301445|84.55406078724464|85.84952665670154|87.74289985052317|88.19133034379671|89.48679621325361|90.63278525161934|90.08470353761834|89.98505231689089|90.68261086198306|
| Facility Location |79.4718485301445|85.45092177379173|85.15196811160936|85.55057299451919|85.70004982561036|86.04882909815645|86.59691081215745|86.49725959143|86.24813153961136|85.74987543597409|
| FASS |79.4718485301445|85.89935226706527|87.29446935724962|89.08819133034379|89.73592426507224|90.23418036870952|90.53313403089187|90.53313403089187|90.48330842052815|89.93522670652716|
| Random |79.4718485301445|84.95266567015446|85.00249128051819|85.45092177379173|86.64673642252117|87.34429496761335|86.64673642252117|86.59691081215745|87.045341305431|86.54708520179372|
| BADGE |79.4718485301445|80.06975585450921|86.09865470852019|89.13801694070753|90.63278525161934|90.88191330343797|91.38016940707524|91.38016940707524|92.12755356253115|92.47633283507723|
---------------------------------------------------------------------


Unlabeled data Accuracy
---------------------------------------------------------------------
|Algo                            |66|132|198|264|330|396|462|528|594|660|
| One Step Taylor |84.6189376443418|87.97635713174677|89.73754518308974|92.28203906622201|92.98667950569732|92.26277372262774|94.34333497294638|94.11569699983424|94.82151835093012|95.49228944246738|
| Fac Loc Reg One Step |84.6189376443418|87.02753149790014|89.78469275498979|92.3138002223281|92.89038677579843|93.91727493917276|94.91719954090834|94.57981103928394|95.50863080274846|94.76359938993392|
| Rand Reg One Step |84.6189376443418|86.93623639191291|90.29065200314218|91.9047619047619|92.68644747393745|94.14910858995138|95.08599508599508|95.23178807947019|95.581589958159|95.70219966159053|
| Facility Location |84.6189376443418|88.50521076372686|88.63743517208864|89.12180403366682|89.72877547745145|90.04055150040551|90.11313330054107|89.97182164760484|89.77710742416625|89.61193018132519|
| FASS |84.6189376443418|89.18960958158345|91.6077322017916|92.79021756391933|93.6286310383566|93.98215733982157|94.65486145269716|95.35885960550307|95.97787833081951|96.30571089645822|
| Random |84.6189376443418|88.84226884226884|89.52156862745097|90.19794140934283|90.39168665067946|90.81517352703793|91.03504482477588|90.68312757201646|91.07231920199501|90.5793450881612|
| BADGE |84.6189376443418|84.3521543008244|90.13044161559013|92.71081467365413|94.25453378269941|94.76074614760746|95.7042138055419|96.15448367313111|96.81582034523211|97.1021860701576|
---------------------------------------------------------------------
