=======================================
satimage_fraction:0.1_epochs:200_no of selection:10 2020-09-08 20:17:32.467416
satimage :Budget =  0.1
Validation Accuracy
---------------------------------------------------------------------
|Algo                            |32|64|96|128|160|192|224|256|288|320|
| One Step Taylor |81.96844477836214|67.69346356123215|76.93463561232156|70.39819684447784|74.83095416979714|68.74530428249436|62.43425995492111|63.93688955672427|75.88279489105935|69.72201352366642|
| Fac Loc Reg One Step |81.96844477836214|67.69346356123215|76.93463561232156|73.25319308790384|77.08489857250188|70.77385424492863|72.42674680691209|74.75582268970699|75.35687453042824|76.55897821187078|
| Rand Reg One Step |81.96844477836214|57.25018782870023|66.79188580015027|66.41622839969948|76.25845229151014|73.85424492862509|54.169797145003756|62.8099173553719|60.856498873027796|57.85123966942149|
| Facility Location |81.96844477836214|77.38542449286251|67.54320060105184|70.77385424492863|72.87753568745305|77.08489857250188|82.5694966190834|79.93989481592787|71.75056348610067|78.28700225394441|
| FASS |81.96844477836214|77.53568745304283|74.53042824943651|69.19609316303531|73.32832456799399|70.17280240420736|70.47332832456799|71.37490608564988|71.37490608564988|67.76859504132231|
| Random |81.96844477836214|78.73779113448535|76.63410969196093|77.61081893313299|76.93463561232156|77.98647633358377|79.03831705484598|71.82569496619084|77.53568745304283|72.9526671675432|
| BADGE |82.49436513899323|83.02028549962434|82.49436513899323|84.97370398196844|84.89857250187829|83.92186326070623|83.84673178061608|85.34936138241923|85.19909842223892|85.12396694214875|
---------------------------------------------------------------------


Test Accuracy
---------------------------------------------------------------------
|Algo                            |32|64|96|128|160|192|224|256|288|320|
| One Step Taylor |80.9|65.15|75.15|66.15|72.55|72.6|55.2|72.6|76.3|72.4|
| Fac Loc Reg One Step |80.9|65.15|75.15|69.7|77.7|76.5|77.5|77.75|81.0|76.05|
| Rand Reg One Step |80.9|66.1|66.2|70.35|77.3|72.35|68.4|68.85|62.35|67.35|
| Facility Location |81.96844477836214|77.38542449286251|67.54320060105184|70.77385424492863|72.87753568745305|77.08489857250188|82.5694966190834|79.93989481592787|71.75056348610067|78.28700225394441|
| FASS |80.9|74.15|72.25|61.75|64.75|60.3|60.2|61.95|60.95|59.1|
| Random |80.9|79.8|78.55|73.85|77.35|81.1|79.2|78.5|79.15|77.15|
| BADGE |81.2|83.55|81.3|83.85|84.7|85.1|85.25|85.95|87.45|88.0|
---------------------------------------------------------------------


Unlabeled data Accuracy
---------------------------------------------------------------------
|Algo                            |32|64|96|128|160|192|224|256|288|320|
| One Step Taylor |83.43098958333333|65.0|77.85904255319149|66.4986559139785|75.7133152173913|76.61401098901099|55.97222222222222|76.05337078651685|78.65767045454545|73.85057471264368|
| Fac Loc Reg One Step |83.43098958333333|65.0|77.85904255319149|70.29569892473118|79.82336956521739|79.0521978021978|79.96527777777777|81.0744382022472|83.34517045454545|77.33477011494253|
| Rand Reg One Step |83.43098958333333|69.8454455771128|68.63787375415282|74.62235649546828|76.9674355495251|72.8830990743915|73.21552321552322|73.2399299474606|66.3243626062323|69.10132474042248|
| Facility Location |83.43098958333333|81.34868421052632|73.83643617021276|75.20161290322581|76.08695652173913|82.9326923076923|81.38888888888889|81.88202247191012|73.7215909090909|83.33333333333333|
| FASS |83.43098958333333|74.20195439739413|72.22946544980444|58.643183300717546|60.31331592689295|56.53167864141084|56.372549019607845|57.194244604316545|56.31544502617801|53.99476096922069|
| Random |83.43098958333333|80.4733727810651|79.4820717131474|73.54124748490946|76.3550135501355|84.05201916495551|79.87551867219916|82.0754716981132|81.53248587570621|79.69307637401856|
| BADGE |83.62630208333333|85.49342105263158|83.80984042553192|86.35752688172043|87.94157608695652|88.22115384615384|89.02777777777777|89.32584269662921|90.9090909090909|91.558908045977|
---------------------------------------------------------------------
