=======================================
letter_fraction:0.5_epochs:200_no of selection:10 2020-09-09 16:24:24.712211
letter :Budget =  0.5
Validation Accuracy
---------------------------------------------------------------------
|Algo                            |525|1050|1575|2100|2625|3150|3675|4200|4725|5250|
| One Step Taylor |41.28888888888889|42.37777777777778|33.644444444444446|29.444444444444443|38.888888888888886|36.422222222222224|36.2|40.31111111111111|34.977777777777774|30.8|
| Fac Loc Reg One Step |41.28888888888889|33.86666666666667|29.933333333333334|34.93333333333333|34.51111111111111|32.266666666666666|35.8|43.17777777777778|41.86666666666667|44.82222222222222|
| Rand Reg One Step |41.28888888888889|38.06666666666667|39.733333333333334|37.08888888888889|27.933333333333334|28.4|31.355555555555554|39.13333333333333|36.46666666666667|39.86666666666667|
| Facility Location |41.28888888888889|42.577777777777776|48.4|45.044444444444444|31.622222222222224|44.82222222222222|31.066666666666666|40.111111111111114|55.733333333333334|31.31111111111111|
| FASS |41.28888888888889|28.844444444444445|42.13333333333333|31.377777777777776|26.0|36.888888888888886|45.86666666666667|41.577777777777776|46.84444444444444|34.82222222222222|
| Random |41.28888888888889|36.68888888888889|34.977777777777774|43.22222222222222|40.15555555555556|35.86666666666667|27.68888888888889|40.37777777777778|42.51111111111111|29.044444444444444|
| BADGE |46.111111111111114|62.08888888888889|66.42222222222222|73.02222222222223|74.42222222222222|77.2|79.31111111111112|80.53333333333333|81.08888888888889|81.8|
---------------------------------------------------------------------


Test Accuracy
---------------------------------------------------------------------
|Algo                            |525|1050|1575|2100|2625|3150|3675|4200|4725|5250|
| One Step Taylor |41.06|42.5|33.58|28.46|38.66|38.48|35.64|39.56|32.9|29.64|
| Fac Loc Reg One Step |41.06|32.74|30.58|34.48|34.48|33.58|33.72|43.4|41.78|43.08|
| Rand Reg One Step |41.06|37.76|37.96|36.82|26.94|29.8|31.88|39.28|37.52|39.82|
| Facility Location |41.28888888888889|42.577777777777776|48.4|45.044444444444444|31.622222222222224|44.82222222222222|31.066666666666666|40.111111111111114|55.733333333333334|31.31111111111111|
| FASS |41.06|28.58|39.96|29.94|26.24|35.58|44.26|40.44|46.1|35.8|
| Random |41.06|37.24|34.56|42.96|40.94|36.12|27.62|39.56|41.66|28.9|
| BADGE |44.84|61.48|66.16|72.16|74.46|77.72|79.36|79.86|81.14|81.7|
---------------------------------------------------------------------


Unlabeled data Accuracy
---------------------------------------------------------------------
|Algo                            |525|1050|1575|2100|2625|3150|3675|4200|4725|5250|
| One Step Taylor |41.553884711779446|40.476190476190474|32.69467787114846|28.964285714285715|38.78095238095238|36.72108843537415|35.94139194139194|40.12698412698413|33.93939393939394|31.21904761904762|
| Fac Loc Reg One Step |41.553884711779446|32.41269841269841|30.028011204481793|34.583333333333336|33.87936507936508|32.625850340136054|35.413919413919416|42.79365079365079|40.900432900432904|44.13333333333333|
| Rand Reg One Step |41.553884711779446|37.519839170458155|37.1009297636384|36.89158633821254|27.909633202183016|30.42828008157716|32.70385009515444|41.017916600602504|38.336503544872905|42.49857387335995|
| Facility Location |41.553884711779446|42.116402116402114|48.470588235294116|44.595238095238095|31.428571428571427|42.76190476190476|32.205128205128204|38.111111111111114|53.85281385281385|29.21904761904762|
| FASS |41.553884711779446|27.365079365079364|41.47899159663866|31.273809523809526|26.31111111111111|37.64625850340136|45.934065934065934|43.76190476190476|48.98701298701299|38.114285714285714|
| Random |41.553884711779446|37.38762559492332|35.165081141578064|44.02852049910874|41.342621912602915|36.8|27.99416484318016|39.77900552486188|41.15219260533104|29.02738432483475|
| BADGE |45.81453634085213|61.904761904761905|67.11484593837535|74.33333333333333|77.07936507936508|81.21088435374149|83.76556776556777|85.77777777777777|88.05194805194805|90.22857142857143|
---------------------------------------------------------------------
