=======================================
svmguide1_fraction:0.1_epochs:200_no of selection:10 2020-09-06 17:43:00.850579
svmguide1 :Budget =  0.1
Validation Accuracy
---------------------------------------------------------------------
|Algo                            |28|56|84|112|140|168|196|224|252|280|
| One Step Taylor |89.8989898989899|91.91919191919192|93.43434343434343|94.94949494949495|91.91919191919192|94.44444444444444|94.94949494949495|95.45454545454545|94.44444444444444|94.44444444444444|
| Fac Loc Reg One Step |89.8989898989899|92.92929292929293|93.93939393939394|95.45454545454545|95.95959595959596|94.94949494949495|94.94949494949495|95.45454545454545|95.45454545454545|95.45454545454545|
| Rand Reg One Step |89.8989898989899|91.91919191919192|93.43434343434343|93.43434343434343|95.45454545454545|94.44444444444444|93.93939393939394|93.93939393939394|94.44444444444444|94.44444444444444|
| Facility Location |89.8989898989899|90.4040404040404|90.4040404040404|92.92929292929293|92.92929292929293|92.92929292929293|92.92929292929293|92.92929292929293|92.92929292929293|92.92929292929293|
| FASS |89.8989898989899|92.42424242424242|93.93939393939394|94.44444444444444|95.95959595959596|95.95959595959596|95.45454545454545|95.45454545454545|95.45454545454545|95.45454545454545|
| Random |89.8989898989899|90.4040404040404|90.9090909090909|92.42424242424242|92.92929292929293|92.92929292929293|93.43434343434343|93.43434343434343|93.43434343434343|93.43434343434343|
| BADGE |88.88888888888889|91.91919191919192|92.92929292929293|93.43434343434343|93.43434343434343|93.43434343434343|93.93939393939394|95.95959595959596|94.94949494949495|95.95959595959596|
---------------------------------------------------------------------


Test Accuracy
---------------------------------------------------------------------
|Algo                            |28|56|84|112|140|168|196|224|252|280|
| One Step Taylor |88.9|92.125|93.775|95.25|93.075|95.175|95.225|95.3|95.325|95.175|
| Fac Loc Reg One Step |88.9|92.375|93.65|94.575|95.1|94.3|95.15|95.175|94.9|94.675|
| Rand Reg One Step |88.9|91.95|93.25|94.75|95.25|95.4|95.325|95.525|95.225|95.025|
| Facility Location |89.8989898989899|90.4040404040404|90.4040404040404|92.92929292929293|92.92929292929293|92.92929292929293|92.92929292929293|92.92929292929293|92.92929292929293|92.92929292929293|
| FASS |88.9|92.4|93.775|94.225|94.675|94.775|95.0|95.15|95.15|95.25|
| Random |88.9|89.375|89.75|91.65|92.6|92.65|93.15|93.525|93.775|94.05|
| BADGE |87.925|92.1|94.15|94.15|94.425|94.275|94.275|94.85|94.75|94.925|
---------------------------------------------------------------------


Unlabeled data Accuracy
---------------------------------------------------------------------
|Algo                            |28|56|84|112|140|168|196|224|252|280|
| One Step Taylor |88.0813953488372|92.1071953010279|93.62017804154303|95.80209895052474|93.86363636363636|95.90352220520674|96.24613003095975|96.67449139280126|96.91455696202532|96.8|
| Fac Loc Reg One Step |88.0813953488372|92.29074889867842|93.87982195845697|95.31484257871064|96.21212121212122|95.94180704441041|96.9814241486068|97.22222222222223|97.31012658227849|97.32|
| Rand Reg One Step |88.0813953488372|92.07339449541284|92.95774647887323|94.79595657057281|95.72617246596067|96.48452426442492|96.79536679536679|97.11275848614905|96.92429022082018|97.01076125946592|
| Facility Location |88.0813953488372|89.24375917767988|89.50296735905044|91.34182908545728|91.47727272727273|91.96018376722817|92.1439628482972|92.17527386541471|92.5632911392405|92.6|
| FASS |88.0813953488372|92.43759177679883|93.73145400593472|94.52773613193403|94.92424242424242|95.25267993874425|95.74303405572755|95.93114241001565|96.04430379746836|96.16|
| Random |88.0813953488372|89.02349486049927|89.09495548961425|90.70464767616193|91.32575757575758|91.53905053598776|92.22136222910217|92.6056338028169|92.84018987341773|93.2|
| BADGE |87.06395348837209|90.7856093979442|93.28635014836796|93.47826086956522|93.97727272727273|93.91271056661562|94.23374613003097|95.14866979655712|95.33227848101266|95.52|
---------------------------------------------------------------------
