=======================================
usps_fraction:0.2_epochs:200_no of selection:10 2020-09-12 19:55:25.586333
usps :Budget =  0.2
Validation Accuracy
---------------------------------------------------------------------
|Algo                            |132|264|396|528|660|792|924|1056|1188|1320|
| One Step Taylor |90.41095890410959|93.6986301369863|94.10958904109589|93.6986301369863|94.24657534246575|95.20547945205479|95.34246575342466|96.3013698630137|96.3013698630137|96.02739726027397|
| Fac Loc Reg One Step |90.41095890410959|94.10958904109589|95.89041095890411|93.15068493150685|96.43835616438356|96.16438356164383|95.89041095890411|95.89041095890411|96.57534246575342|96.02739726027397|
| Rand Reg One Step |90.41095890410959|94.24657534246575|94.65753424657534|95.47945205479452|95.06849315068493|96.98630136986301|96.98630136986301|96.16438356164383|97.26027397260275|97.26027397260275|
| Facility Location |90.41095890410959|93.28767123287672|93.83561643835617|93.6986301369863|93.97260273972603|94.24657534246575|94.79452054794521|95.06849315068493|95.06849315068493|94.24657534246575|
| FASS |90.41095890410959|94.65753424657534|96.43835616438356|96.3013698630137|96.16438356164383|96.98630136986301|96.84931506849315|97.26027397260275|97.12328767123287|97.53424657534246|
| Random |90.41095890410959|92.1917808219178|94.65753424657534|94.79452054794521|94.79452054794521|93.83561643835617|94.52054794520548|93.83561643835617|95.06849315068493|94.10958904109589|
| BADGE |90.41095890410959|92.73972602739725|95.06849315068493|95.89041095890411|97.12328767123287|98.08219178082192|98.21917808219177|98.35616438356165|98.21917808219177|98.35616438356165|
---------------------------------------------------------------------


Test Accuracy
---------------------------------------------------------------------
|Algo                            |132|264|396|528|660|792|924|1056|1188|1320|
| One Step Taylor |85.30144494270054|87.74289985052317|89.88540109616343|89.68609865470852|90.23418036870952|91.1310413552566|91.08121574489287|91.8784255107125|91.08121574489287|92.12755356253115|
| Fac Loc Reg One Step |85.30144494270054|88.98854010961634|90.28400597907324|89.38714499252616|90.53313403089187|90.9317389138017|91.57947184853015|91.72894867962133|92.47633283507723|91.42999501743897|
| Rand Reg One Step |85.30144494270054|88.73941205779771|90.88191330343797|90.18435475834579|90.78226208271052|91.38016940707524|92.47633283507723|91.97807673143996|92.52615844544096|92.82511210762331|
| Facility Location |85.30144494270054|87.74289985052317|88.78923766816143|89.18784255107126|89.23766816143498|89.03836571998006|88.63976083707026|88.73941205779771|89.58644743398106|89.58644743398106|
| FASS |85.30144494270054|88.5401096163428|90.73243647234679|90.73243647234679|91.38016940707524|91.57947184853015|91.38016940707524|91.72894867962133|91.72894867962133|91.77877428998505|
| Random |85.30144494270054|88.34080717488789|89.73592426507224|89.78574987543597|90.13452914798206|89.48679621325361|89.8355754857997|89.98505231689089|90.18435475834579|89.18784255107126|
| BADGE |85.40109616342801|88.39063278525163|91.18086696562033|91.72894867962133|92.12755356253115|92.92476332835078|93.12406576980568|93.72197309417041|93.82162431489786|93.57249626307922|
---------------------------------------------------------------------


Unlabeled data Accuracy
---------------------------------------------------------------------
|Algo                            |132|264|396|528|660|792|924|1056|1188|1320|
| One Step Taylor |90.01399906672889|92.18675559790377|93.81995133819952|93.73446046742914|95.35671920013557|96.04784191367655|96.98421145999646|97.62034514078111|97.9713381723432|98.51173440183172|
| Fac Loc Reg One Step |90.01399906672889|92.36144195648721|94.22546634225466|94.24830101110558|96.06846297237756|96.8798751950078|97.42770977470286|97.69300635785649|98.30634654755258|98.28277046365197|
| Rand Reg One Step |90.01399906672889|92.87075261987933|94.66515323496027|95.27833001988071|96.15580016934801|96.62279182542431|97.28867623604465|97.58708272859216|97.9929381155919|98.5904761904762|
| Facility Location |90.01399906672889|91.82150230268381|92.92781832927818|92.98856290402784|92.83172343670564|92.66770670826833|92.47826858257939|92.27974568574024|92.5925925925926|92.52051135279527|
| FASS |90.01399906672889|91.8532634587899|94.38767234387673|95.24283109564064|95.88205388917133|95.89183567342694|96.38105375199574|96.45776566757493|96.83603201191141|97.06162946002671|
| Random |90.01399906672889|92.07810763613271|93.51596693143135|92.8796158304355|93.653748519208|93.30333967814501|93.92812887236678|93.82134444645769|93.82074596400074|93.6489826963301|
| BADGE |90.01399906672889|92.67905351754804|95.32846715328468|96.32023868722028|97.42416539569564|98.16259317039348|98.77594465141033|99.30971843778383|99.57193374278802|99.6183934363671|
---------------------------------------------------------------------
