=======================================
usps_fraction:0.2_epochs:200_no of selection:10 2020-09-09 11:58:43.905468
usps :Budget =  0.2
Validation Accuracy
---------------------------------------------------------------------
|Algo                            |92|184|276|368|460|552|644|736|828|920|
| One Step Taylor |80.37735849056604|76.22641509433963|79.24528301886792|84.52830188679245|86.98113207547169|89.05660377358491|91.50943396226415|89.05660377358491|91.88679245283019|93.20754716981132|
| Fac Loc Reg One Step |80.37735849056604|79.24528301886792|78.30188679245283|83.39622641509433|80.56603773584905|83.58490566037736|88.86792452830188|89.43396226415095|91.32075471698113|90.0|
| Rand Reg One Step |80.37735849056604|81.32075471698113|87.35849056603773|91.32075471698113|92.0754716981132|89.24528301886792|93.20754716981132|84.33962264150944|92.45283018867924|93.39622641509433|
| Facility Location |80.37735849056604|84.90566037735849|82.26415094339623|83.01886792452831|88.67924528301887|86.98113207547169|76.60377358490567|86.79245283018868|86.98113207547169|87.9245283018868|
| FASS |80.37735849056604|92.26415094339623|93.39622641509433|93.77358490566037|93.58490566037736|93.58490566037736|93.77358490566037|93.20754716981132|92.64150943396227|92.26415094339623|
| Random |80.37735849056604|89.81132075471699|90.0|90.75471698113208|90.56603773584905|93.20754716981132|92.45283018867924|89.24528301886792|87.16981132075472|87.35849056603773|
| BADGE |63.39622641509434|77.35849056603773|84.71698113207547|88.49056603773585|90.56603773584905|91.88679245283019|91.32075471698113|92.64150943396227|91.88679245283019|92.64150943396227|
---------------------------------------------------------------------


Test Accuracy
---------------------------------------------------------------------
|Algo                            |92|184|276|368|460|552|644|736|828|920|
| One Step Taylor |74.76190476190476|73.06122448979592|73.06122448979592|79.59183673469387|80.8843537414966|83.26530612244898|87.00680272108843|83.74149659863946|86.93877551020408|86.59863945578232|
| Fac Loc Reg One Step |74.76190476190476|75.51020408163265|73.40136054421768|78.2312925170068|78.50340136054422|79.18367346938776|85.23809523809524|84.82993197278911|86.12244897959184|84.35374149659864|
| Rand Reg One Step |74.76190476190476|75.98639455782313|83.40136054421768|84.76190476190476|86.4625850340136|83.80952380952381|87.61904761904762|78.57142857142857|86.05442176870748|86.80272108843538|
| Facility Location |80.37735849056604|84.90566037735849|82.26415094339623|83.01886792452831|88.67924528301887|86.98113207547169|76.60377358490567|86.79245283018868|86.98113207547169|87.9245283018868|
| FASS |74.76190476190476|85.10204081632654|87.48299319727892|88.16326530612245|87.34693877551021|87.95918367346938|88.70748299319727|88.57142857142857|88.29931972789116|85.578231292517|
| Random |74.76190476190476|85.37414965986395|85.78231292517007|85.51020408163265|87.75510204081633|89.04761904761905|87.95918367346938|83.74149659863946|83.94557823129252|83.26530612244898|
| BADGE |62.6530612244898|73.60544217687075|78.50340136054422|82.72108843537416|85.71428571428571|86.59863945578232|87.00680272108843|87.82312925170068|87.75510204081633|87.75510204081633|
---------------------------------------------------------------------


Unlabeled data Accuracy
---------------------------------------------------------------------
|Algo                            |92|184|276|368|460|552|644|736|828|920|
| One Step Taylor |89.07994640464493|88.0984952120383|85.86399627387051|91.50404569252737|91.80048661800487|93.28023892483823|95.54253693326541|95.95722483046427|96.41902725815072|96.71232876712328|
| Fac Loc Reg One Step |89.07994640464493|87.98449612403101|76.96786213320912|87.33936220847215|88.56447688564477|92.55848680935789|94.37086092715232|94.44444444444444|96.47247461250669|95.36986301369863|
| Rand Reg One Step |89.07994640464493|88.64827900615455|90.9683426443203|93.0321046373365|94.11764705882354|93.5868754660701|95.54933875890133|94.79302265035147|96.37333333333333|97.0757037441924|
| Facility Location |89.07994640464493|90.8344733242134|90.91755938518864|90.83769633507853|91.75182481751825|91.41363862618218|91.3143148242486|92.07094418362024|91.5820416889364|91.45205479452055|
| FASS |89.07994640464493|92.27086183310533|93.73544480670704|94.52641599238459|95.37712895377129|96.06769537083126|96.48497198166072|96.79186228482003|96.92677712453234|96.63013698630137|
| Random |89.07994640464493|89.35733819507749|89.55328059562588|89.61501901140684|91.42787761049053|92.17974180734856|92.63585576434738|93.63305613305613|93.40074507716871|93.34787350054526|
| BADGE |84.51271186440678|92.86949006050129|95.17195767195767|96.44464446444644|97.63327205882354|98.16901408450704|98.7763915547025|99.09224730127576|99.32228915662651|99.51181911613567|
---------------------------------------------------------------------
