=======================================
connect_4_fraction:0.2_epochs:200_no of selection:10 2020-09-09 16:05:14.301051
connect_4 :Budget =  0.2
Validation Accuracy
---------------------------------------------------------------------
|Algo                            |1095|2190|3285|4380|5475|6570|7665|8760|9855|10950|
| One Step Taylor |46.994535519125684|52.39829993928355|52.64116575591986|54.28051001821493|55.49483910139648|55.4341226472374|56.34486945962356|52.70188221007893|54.21979356405586|54.6448087431694|
| Fac Loc Reg One Step |46.994535519125684|53.36976320582878|47.11596842744384|52.70188221007893|52.70188221007893|54.88767455980571|54.03764420157863|53.49119611414693|55.4341226472374|53.55191256830601|
| Rand Reg One Step |46.994535519125684|52.459016393442624|50.698239222829386|53.005464480874316|55.25197328476017|54.40194292653309|54.34122647237401|54.34122647237401|51.79113539769278|53.49119611414693|
| Facility Location |46.994535519125684|47.237401335761994|50.09107468123862|48.08743169398907|47.66241651487553|45.96235579842137|47.11596842744384|47.11596842744384|47.90528233151184|46.933819064966606|
| FASS |46.994535519125684|57.13418336369156|56.466302367941715|59.62355798421372|60.95931997571342|61.14146933819065|58.59137826350941|59.50212507589557|58.83424408014572|59.07710989678203|
| Random |46.994535519125684|57.01275045537341|53.97692774741955|51.001821493624774|53.18761384335155|53.24833029751063|54.03764420157863|55.85913782635094|56.04128718882817|53.916211293260474|
| BADGE |47.783849423193686|51.7304189435337|54.28051001821493|55.31268973891925|56.10200364298725|58.287795992714024|59.137826350941104|59.80570734669095|59.25925925925926|59.684274438372796|
---------------------------------------------------------------------


Test Accuracy
---------------------------------------------------------------------
|Algo                            |1095|2190|3285|4380|5475|6570|7665|8760|9855|10950|
| One Step Taylor |47.05882352941177|51.34158926728586|53.14757481940144|54.3859649122807|55.36635706914345|54.3343653250774|54.95356037151703|54.231166150670795|54.85036119711042|55.26315789473684|
| Fac Loc Reg One Step |47.05882352941177|52.99277605779154|47.47162022703819|51.44478844169247|52.37358101135191|54.85036119711042|54.643962848297214|54.437564499484004|54.3343653250774|54.4891640866873|
| Rand Reg One Step |47.05882352941177|53.818369453044376|52.115583075335394|53.97316821465428|53.35397316821465|54.076367389060884|54.12796697626419|52.683178534571724|52.57997936016512|54.076367389060884|
| Facility Location |46.994535519125684|47.237401335761994|50.09107468123862|48.08743169398907|47.66241651487553|45.96235579842137|47.11596842744384|47.11596842744384|47.90528233151184|46.933819064966606|
| FASS |47.05882352941177|55.93395252837977|54.3859649122807|57.43034055727554|58.30753353973168|58.565531475748195|57.946336429308566|57.997936016511865|58.152734778121776|57.89473684210526|
| Random |47.05882352941177|54.4891640866873|53.457172342621256|50.77399380804953|51.702786377708975|51.80598555211558|52.52837977296181|55.26315789473684|56.34674922600619|54.74716202270382|
| BADGE |47.21362229102167|51.083591331269346|53.250773993808046|54.74716202270382|55.830753353973165|56.86274509803921|58.51393188854489|58.61713106295149|58.61713106295149|61.14551083591331|
---------------------------------------------------------------------


Unlabeled data Accuracy
---------------------------------------------------------------------
|Algo                            |1095|2190|3285|4380|5475|6570|7665|8760|9855|10950|
| One Step Taylor |73.13006993006994|60.218922520464496|69.73850490910858|72.05601907032181|74.00142146410803|75.68431983385254|74.83583041122091|76.08355091383812|76.55187785578958|78.18597212702764|
| Fac Loc Reg One Step |73.13006993006994|70.98610317913572|71.56022163896179|62.00238379022646|70.38074931465124|73.067497403946|74.71469556901498|76.11836379460401|76.05706006909618|77.29495087959789|
| Rand Reg One Step |73.13006993006994|68.35392434943176|69.27503548029628|71.41211290546849|72.38319559788016|73.4233205274634|72.76088480907758|73.33304327017208|70.94243754596305|75.12505996025492|
| Facility Location |73.13006993006994|73.32381496287836|74.33459706425586|73.34723877632102|72.49873083561783|73.21079958463136|73.07193709488897|73.30504786771105|71.075448567926|73.54352296093215|
| FASS |73.13006993006994|67.47572815533981|66.07174103237095|71.32101708382996|72.61650929028328|73.11526479750779|69.79067049197748|71.62315056570931|71.28050819124039|72.74617317797578|
| Random |73.13006993006994|60.41690462592804|65.0665888986099|57.25268176400477|63.28358208955224|60.627206645898234|63.274891084900645|65.96605744125327|66.61094394293993|63.977610235320995|
| BADGE |73.32400932400932|76.29164287074053|78.04607757363662|79.04449741756059|80.27210884353741|81.19003115264798|82.13367336096057|83.15491731940818|83.93402429510755|84.71098926205164|
---------------------------------------------------------------------
