=======================================
satimage_fraction:0.5_epochs:200_no of selection:10 2020-09-08 21:03:47.608343
satimage :Budget =  0.5
Validation Accuracy
---------------------------------------------------------------------
|Algo                            |156|312|468|624|780|936|1092|1248|1404|1560|
| One Step Taylor |81.6679188580015|67.618332081142|74.60555972952668|78.58752817430504|77.53568745304283|82.41923365890308|78.66265965439518|84.44778362133734|83.54620586025544|79.33884297520662|
| Fac Loc Reg One Step |81.6679188580015|69.19609316303531|79.63936889556724|79.26371149511645|83.24567993989481|82.04357625845229|80.69120961682945|81.1419984973704|83.17054845980466|79.7145003756574|
| Rand Reg One Step |81.6679188580015|73.17806160781367|80.31555221637866|78.66265965439518|80.09015777610819|80.39068369646883|79.03831705484598|79.86476333583772|76.3335837716003|79.86476333583772|
| Facility Location |81.6679188580015|80.84147257700977|83.92186326070623|80.54094665664914|83.84673178061608|83.47107438016529|83.17054845980466|83.24567993989481|83.17054845980466|80.39068369646883|
| FASS |81.6679188580015|84.5229151014275|84.07212622088655|84.67317806160781|83.92186326070623|84.97370398196844|83.24567993989481|82.49436513899323|84.37265214124719|86.17580766341096|
| Random |81.6679188580015|77.91134485349362|79.78963185574756|82.49436513899323|80.01502629601804|78.66265965439518|79.03831705484598|80.09015777610819|81.51765589782119|79.48910593538693|
| BADGE |82.49436513899323|84.74830954169798|85.87528174305034|85.9504132231405|86.77685950413223|86.85199098422238|86.4763335837716|86.62659654395192|86.85199098422238|86.85199098422238|
---------------------------------------------------------------------


Test Accuracy
---------------------------------------------------------------------
|Algo                            |156|312|468|624|780|936|1092|1248|1404|1560|
| One Step Taylor |83.65|62.05|72.2|76.85|81.1|84.0|80.6|84.95|83.75|82.55|
| Fac Loc Reg One Step |83.65|64.05|80.7|81.15|84.55|83.55|81.6|83.1|84.25|83.15|
| Rand Reg One Step |83.65|70.15|82.45|81.25|81.3|78.25|79.85|81.05|77.75|80.35|
| Facility Location |81.6679188580015|80.84147257700977|83.92186326070623|80.54094665664914|83.84673178061608|83.47107438016529|83.17054845980466|83.24567993989481|83.17054845980466|80.39068369646883|
| FASS |83.65|83.7|83.85|84.1|85.25|84.85|83.45|82.4|84.65|84.6|
| Random |83.65|75.9|78.45|83.9|79.3|78.15|80.45|82.05|83.35|77.7|
| BADGE |81.6|84.3|84.65|86.35|87.5|87.15|88.2|88.05|88.5|88.65|
---------------------------------------------------------------------


Unlabeled data Accuracy
---------------------------------------------------------------------
|Algo                            |156|312|468|624|780|936|1092|1248|1404|1560|
| One Step Taylor |86.29579375848033|62.786532951289395|73.25493171471928|79.15322580645162|84.6815834767642|89.57564575645756|83.99602385685884|91.8103448275862|91.82352941176471|90.93264248704664|
| Fac Loc Reg One Step |86.29579375848033|61.9269340974212|82.92867981790592|84.19354838709677|88.46815834767642|89.11439114391143|88.9662027833002|90.78663793103448|93.11764705882354|94.23575129533678|
| Rand Reg One Step |86.29579375848033|73.6484067311135|86.12585291887794|86.14579138139348|88.91752577319588|84.90566037735849|87.80971258671953|88.94256575415996|88.40749414519907|91.88667095943336|
| Facility Location |86.29579375848033|84.34813753581662|86.64643399089529|84.6774193548387|87.4354561101549|87.08487084870849|86.08349900596421|87.76939655172414|89.0|85.75129533678756|
| FASS |86.29579375848033|84.90890340323135|84.14634146341463|84.95231367008124|85.13610315186246|85.47039593171085|85.11422254974208|83.51401869158879|84.74962063732929|85.17520215633424|
| Random |86.29579375848033|78.04441260744986|79.43854324734446|85.60483870967742|79.13080895008606|81.64206642066421|83.05168986083498|83.51293103448276|85.3529411764706|81.67098445595855|
| BADGE |83.98914518317504|87.71489971346705|90.25037936267071|92.62096774193549|94.32013769363166|95.43357933579335|96.62027833001989|97.14439655172414|97.58823529411765|98.05699481865285|
---------------------------------------------------------------------
