=======================================
ijcnn1_fraction:0.2_epochs:200_no of selection:10 2020-09-10 18:25:14.846827
ijcnn1 :Budget =  0.2
Validation Accuracy
---------------------------------------------------------------------
|Algo                            |700|1400|2100|2800|3500|4200|4900|5600|6300|7000|
| One Step Taylor |90.86724482988659|90.4603068712475|94.49633088725817|95.03002001334222|95.77051367578386|95.91727818545696|96.11074049366245|97.13809206137425|96.11741160773849|95.61707805203469|
| Fac Loc Reg One Step |90.86724482988659|89.96664442961975|93.82254836557705|94.61641094062709|95.95063375583723|96.51767845230154|96.34422948632421|95.81054036024015|96.27084723148766|96.27084723148766|
| Rand Reg One Step |90.86724482988659|90.36024016010674|94.02935290193463|95.35690460306871|95.19012675116744|96.49099399599733|96.31087391594396|96.28418945963976|96.52434956637758|96.2241494329553|
| Facility Location |90.86724482988659|91.06737825216811|92.54836557705137|91.68779186124083|92.48832555036691|93.18212141427618|93.26884589726484|94.52301534356238|94.00933955970648|93.7758505670447|
| FASS |90.86724482988659|95.19012675116744|87.38492328218813|94.06937958639092|92.79519679786524|93.3955970647098|94.04269513008673|94.26951300867245|94.10940627084723|94.43629086057372|
| Random |90.86724482988659|86.96464309539694|87.05803869246164|87.23148765843897|87.238158772515|89.71314209472982|92.01467645096731|91.94796531020681|92.8552368245497|92.04136090727151|
| BADGE |90.86057371581055|92.00800533689126|93.86924616410941|94.85657104736491|95.05003335557038|95.55703802535024|96.31087391594396|95.95063375583723|96.31087391594396|96.45763842561708|
---------------------------------------------------------------------


Test Accuracy
---------------------------------------------------------------------
|Algo                            |700|1400|2100|2800|3500|4200|4900|5600|6300|7000|
| One Step Taylor |90.66967644845748|90.55517388032845|94.49188122266932|96.10691268361305|96.41661486788584|96.47986390551903|96.73176955540289|97.35117392394848|96.5998189768923|96.42097687048124|
| Fac Loc Reg One Step |90.66967644845748|90.44830481674137|93.71653526133848|95.72741845781398|96.89970665532546|97.09708727276693|97.0098472208591|97.16360781234665|97.11344478249964|97.09926827406463|
| Rand Reg One Step |90.66967644845748|90.58134589590081|93.71980676328502|95.95751409472089|96.58346146715957|97.10363027666001|97.1603363104001|97.27701987982682|97.29882989280378|97.20177533505633|
| Facility Location |90.86724482988659|91.06737825216811|92.54836557705137|91.68779186124083|92.48832555036691|93.18212141427618|93.26884589726484|94.52301534356238|94.00933955970648|93.7758505670447|
| FASS |90.66967644845748|92.31306092627125|91.16912574562981|95.85718803502688|95.55948135789141|95.81356800907297|95.65326441369233|95.49841332155593|95.5343998429679|95.87899804800384|
| Random |90.66967644845748|89.39051918735892|90.76673100620495|91.71219506875606|91.67838954864177|92.5736905813459|93.3981090718749|93.62166170488871|94.35011613831911|94.12111100206104|
| BADGE |90.66858594780864|91.55734397661966|93.20509045702882|94.67399483102693|95.71324194937895|96.178885726437|96.67833502360934|96.65107250738814|96.94986968517246|96.89861615467662|
---------------------------------------------------------------------


Unlabeled data Accuracy
---------------------------------------------------------------------
|Algo                            |700|1400|2100|2800|3500|4200|4900|5600|6300|7000|
| One Step Taylor |90.33236151603498|91.22619047619048|94.27051671732522|96.64596273291926|97.02222222222223|98.18831168831169|98.84053156146179|99.07482993197279|99.34146341463415|99.36785714285715|
| Fac Loc Reg One Step |90.33236151603498|91.23511904761905|93.87841945288754|96.25155279503106|96.9968253968254|97.96753246753246|98.71428571428571|98.98639455782313|99.22648083623693|98.67142857142858|
| Rand Reg One Step |90.33236151603498|91.19940476190476|93.08814589665654|96.25155279503106|97.53015873015873|98.27272727272727|98.81395348837209|99.11904761904762|98.90243902439025|99.25|
| Facility Location |90.33236151603498|91.17559523809524|92.55319148936171|93.99068322981367|94.38095238095238|95.03571428571429|95.48504983388705|95.54081632653062|95.38675958188153|95.78928571428571|
| FASS |90.33236151603498|92.14285714285714|94.17629179331307|96.36335403726709|97.12380952380953|97.4448051948052|97.39202657807309|97.68367346938776|98.1637630662021|98.67857142857143|
| Random |90.33236151603498|89.05952380952381|90.56534954407294|92.04968944099379|92.37460317460318|92.25324675324676|92.55481727574751|92.80272108843538|94.11149825783973|93.65357142857142|
| BADGE |90.33236151603498|92.57738095238095|94.95136778115501|96.472049689441|97.58095238095238|98.1396103896104|98.65448504983388|98.99319727891157|99.26132404181185|99.51071428571429|
---------------------------------------------------------------------
