=======================================
usps_fraction:0.4_epochs:200_no of selection:10 2020-09-12 20:02:27.591733
usps :Budget =  0.4
Validation Accuracy
---------------------------------------------------------------------
|Algo                            |189|378|567|756|945|1134|1323|1512|1701|1890|
| One Step Taylor |64.90566037735849|65.84905660377359|67.73584905660377|71.88679245283019|80.94339622641509|87.35849056603773|89.62264150943396|91.69811320754717|88.86792452830188|88.86792452830188|
| Fac Loc Reg One Step |64.90566037735849|65.66037735849056|68.30188679245283|69.24528301886792|83.77358490566037|83.58490566037736|85.84905660377359|88.30188679245283|88.86792452830188|88.11320754716981|
| Rand Reg One Step |64.90566037735849|66.0377358490566|68.30188679245283|73.01886792452831|75.28301886792453|89.43396226415095|90.37735849056604|88.49056603773585|87.54716981132076|87.73584905660377|
| Facility Location |64.90566037735849|66.22641509433963|70.37735849056604|76.41509433962264|79.62264150943396|80.56603773584905|85.84905660377359|81.50943396226415|83.20754716981132|80.56603773584905|
| FASS |64.90566037735849|93.20754716981132|93.58490566037736|92.45283018867924|91.69811320754717|90.18867924528301|86.79245283018868|86.0377358490566|81.50943396226415|81.69811320754717|
| Random |64.90566037735849|89.62264150943396|91.88679245283019|93.01886792452831|87.54716981132076|85.66037735849056|84.15094339622641|82.45283018867924|76.79245283018868|70.37735849056604|
| BADGE |65.84905660377359|86.22641509433963|90.18867924528301|90.75471698113208|91.69811320754717|91.69811320754717|91.13207547169812|89.81132075471699|88.49056603773585|91.69811320754717|
---------------------------------------------------------------------


Test Accuracy
---------------------------------------------------------------------
|Algo                            |189|378|567|756|945|1134|1323|1512|1701|1890|
| One Step Taylor |62.72108843537415|61.97278911564626|65.51020408163265|68.50340136054422|76.73469387755102|84.14965986394557|85.85034013605443|87.68707482993197|84.28571428571429|84.21768707482993|
| Fac Loc Reg One Step |62.72108843537415|62.585034013605444|65.51020408163265|67.95918367346938|78.70748299319727|80.81632653061224|82.17687074829932|84.21768707482993|84.35374149659864|83.5374149659864|
| Rand Reg One Step |62.72108843537415|63.333333333333336|64.421768707483|69.25170068027211|70.1360544217687|83.6734693877551|85.64625850340136|84.08163265306122|82.10884353741497|84.5578231292517|
| Facility Location |62.72108843537415|63.80952380952381|69.18367346938776|73.74149659863946|77.07482993197279|77.14285714285714|81.83673469387755|76.66666666666667|79.1156462585034|76.73469387755102|
| FASS |62.72108843537415|86.87074829931973|87.48299319727892|86.05442176870748|85.37414965986395|84.14965986394557|82.92517006802721|82.51700680272108|78.63945578231292|78.63945578231292|
| Random |62.72108843537415|85.10204081632654|86.73469387755102|88.29931972789116|81.97278911564626|79.18367346938776|78.43537414965986|77.68707482993197|74.76190476190476|67.68707482993197|
| BADGE |61.83673469387755|82.24489795918367|85.64625850340136|86.93877551020408|87.55102040816327|88.16326530612245|87.95918367346938|86.73469387755102|85.71428571428571|88.02721088435374|
---------------------------------------------------------------------


Unlabeled data Accuracy
---------------------------------------------------------------------
|Algo                            |189|378|567|756|945|1134|1323|1512|1701|1890|
| One Step Taylor |90.93115622241835|90.67464886023487|90.65960519980742|93.89659520807062|92.39936440677967|96.71034290493449|97.99882283696292|98.22374571517607|99.00662251655629|99.11691981631932|
| Fac Loc Reg One Step |90.93115622241835|91.04305779415151|92.39287433798748|93.54350567465322|94.30614406779661|95.65096180652355|96.52736904061213|97.81863508881271|98.74172185430463|98.79901095019427|
| Rand Reg One Step |90.93115622241835|91.91988950276243|92.03561116458133|92.13709677419355|90.13227513227513|96.60356347438753|96.00470035252644|97.8544776119403|98.57992073976222|98.62676056338029|
| Facility Location |90.93115622241835|91.36541561132857|91.86326432354358|91.75283732660782|92.84957627118644|92.66796766099804|92.67216009417304|92.3652228108445|92.41721854304636|92.61744966442953|
| FASS |90.93115622241835|94.75017269168778|95.08907077515647|95.51071878940732|96.10699152542372|96.23640925564538|97.05709240729841|96.60330320972265|96.58940397350993|96.50300247262452|
| Random |90.93115622241835|91.68198529411765|91.65867689357623|94.28857715430861|94.77964323189927|94.93392070484582|95.68366164542294|95.69070904645477|96.66882276843467|96.56593406593407|
| BADGE |89.48734587929916|95.10599909788002|97.14958775029446|98.61932938856016|99.1724851305922|98.69494290375204|99.6847234164517|98.21212121212122|98.32851173256188|99.79466119096509|
---------------------------------------------------------------------
