=======================================
dna_fraction:0.2_epochs:200_no of selection:10 2020-09-05 11:31:38.159699
dna :Budget =  0.2
Validation Accuracy
---------------------------------------------------------------------
|Algo                            |0|28|56|84|112|140|168|196|224|252|
| One Step Taylor |68.67167919799499|84.9624060150376|86.71679197994987|88.97243107769424|91.97994987468671|92.98245614035088|93.48370927318295|94.9874686716792|95.48872180451127|94.9874686716792|
| Fac Loc Reg One Step |68.67167919799499|83.70927318295739|91.97994987468671|93.734335839599|94.48621553884712|94.48621553884712|94.9874686716792|95.23809523809524|95.98997493734336|95.73934837092732|
| Rand Reg One Step |68.67167919799499|84.9624060150376|87.468671679198|92.23057644110276|93.23308270676692|93.23308270676692|93.23308270676692|92.98245614035088|92.4812030075188|92.4812030075188|
| Facility Location |68.67167919799499|77.44360902255639|79.69924812030075|82.20551378446115|83.45864661654136|86.2155388471178|85.96491228070175|86.2155388471178|87.21804511278195|87.21804511278195|
| FASS |68.67167919799499|80.45112781954887|82.20551378446115|82.70676691729324|86.71679197994987|87.468671679198|88.22055137844612|91.2280701754386|91.72932330827068|93.23308270676692|
| Random |68.67167919799499|74.68671679197995|79.19799498746868|81.95488721804512|83.95989974937343|84.9624060150376|86.46616541353383|87.468671679198|87.21804511278195|87.71929824561404|
| BADGE |68.92230576441102|79.9498746867168|84.21052631578948|82.45614035087719|87.71929824561404|90.47619047619048|91.2280701754386|90.72681704260651|91.72932330827068|91.2280701754386|
---------------------------------------------------------------------


Test Accuracy
---------------------------------------------------------------------
|Algo                            |0|28|56|84|112|140|168|196|224|252|
| One Step Taylor |70.95238095238095|80.11904761904762|81.9047619047619|85.23809523809524|85.5952380952381|86.78571428571429|87.97619047619048|88.45238095238095|89.88095238095238|91.07142857142857|
| Fac Loc Reg One Step |70.95238095238095|83.45238095238095|87.26190476190476|88.80952380952381|90.0|90.95238095238095|92.02380952380952|92.26190476190476|92.97619047619048|92.73809523809524|
| Rand Reg One Step |70.95238095238095|80.35714285714286|84.28571428571429|87.26190476190476|88.21428571428571|88.80952380952381|89.4047619047619|89.52380952380952|91.19047619047619|90.83333333333333|
| Facility Location |68.67167919799499|77.44360902255639|79.69924812030075|82.20551378446115|83.45864661654136|86.2155388471178|85.96491228070175|86.2155388471178|87.21804511278195|87.21804511278195|
| FASS |70.95238095238095|79.04761904761905|84.28571428571429|85.11904761904762|87.38095238095238|87.14285714285714|88.21428571428571|89.52380952380952|90.47619047619048|90.71428571428571|
| Random |70.95238095238095|76.78571428571429|78.69047619047619|81.78571428571429|83.33333333333333|84.52380952380952|85.35714285714286|85.23809523809524|86.54761904761905|86.9047619047619|
| BADGE |65.95238095238095|80.23809523809524|81.07142857142857|81.78571428571429|85.95238095238095|85.11904761904762|88.92857142857143|89.88095238095238|91.07142857142857|91.78571428571429|
---------------------------------------------------------------------


Unlabeled data Accuracy
---------------------------------------------------------------------
|Algo                            |0|28|56|84|112|140|168|196|224|252|
| One Step Taylor |65.81632653061224|76.5625|80.24316109422493|82.6086956521739|84.36507936507937|85.95779220779221|87.95681063122923|90.05102040816327|90.85365853658537|92.14285714285714|
| Fac Loc Reg One Step |65.81632653061224|78.05059523809524|83.1306990881459|85.24844720496894|87.53968253968254|88.14935064935065|89.03654485049834|89.96598639455782|90.76655052264809|92.32142857142857|
| Rand Reg One Step |65.81632653061224|77.02602230483271|81.10773899848255|84.58559256390394|85.36392405063292|87.95472918350849|88.7603305785124|89.18005071851226|90.48442906574394|91.40832595217006|
| Facility Location |65.81632653061224|67.7827380952381|71.42857142857143|73.91304347826087|75.23809523809524|75.40584415584415|76.32890365448505|76.78571428571429|77.52613240418118|76.51785714285714|
| FASS |65.81632653061224|72.61904761904762|76.2917933130699|79.5807453416149|82.46031746031746|84.6590909090909|85.54817275747509|87.67006802721089|90.15679442508711|90.80357142857143|
| Random |65.81632653061224|70.92936802973978|74.35508345978755|75.98760650658404|76.1867088607595|77.52627324171382|79.75206611570248|80.38884192730346|80.96885813148789|81.39946855624446|
| BADGE |63.61607142857143|77.05167173252279|79.8913043478261|81.5079365079365|84.00974025974025|84.21926910299004|86.81972789115646|88.41463414634147|90.17857142857143|90.29304029304029|
---------------------------------------------------------------------
