=======================================
sklearn-digits_fraction:0.3_epochs:200_no of selection:10 2020-09-12 19:55:29.600490
sklearn-digits :Budget =  0.3
Validation Accuracy
---------------------------------------------------------------------
|Algo                            |44|88|132|176|220|264|308|352|396|440|
| One Step Taylor |76.54320987654322|82.71604938271605|90.12345679012346|90.74074074074075|92.5925925925926|91.35802469135803|93.20987654320987|90.74074074074075|92.5925925925926|93.20987654320987|
| Fac Loc Reg One Step |76.54320987654322|82.09876543209876|85.18518518518519|90.74074074074075|93.20987654320987|93.20987654320987|93.20987654320987|92.5925925925926|93.82716049382717|91.35802469135803|
| Rand Reg One Step |76.54320987654322|85.18518518518519|89.50617283950618|91.9753086419753|92.5925925925926|93.20987654320987|92.5925925925926|93.82716049382717|94.44444444444444|94.44444444444444|
| Facility Location |76.54320987654322|88.27160493827161|87.65432098765432|90.74074074074075|90.12345679012346|90.12345679012346|90.12345679012346|89.50617283950618|89.50617283950618|89.50617283950618|
| FASS |76.54320987654322|86.41975308641975|93.82716049382717|94.44444444444444|94.44444444444444|94.44444444444444|95.67901234567901|95.67901234567901|95.67901234567901|95.67901234567901|
| Random |76.54320987654322|87.65432098765432|86.41975308641975|87.65432098765432|90.74074074074075|91.35802469135803|89.50617283950618|90.74074074074075|91.9753086419753|93.20987654320987|
| BADGE |76.54320987654322|88.27160493827161|90.74074074074075|91.9753086419753|91.9753086419753|93.82716049382717|94.44444444444444|95.06172839506173|94.44444444444444|95.06172839506173|
---------------------------------------------------------------------


Test Accuracy
---------------------------------------------------------------------
|Algo                            |44|88|132|176|220|264|308|352|396|440|
| One Step Taylor |79.44444444444444|89.44444444444444|91.66666666666667|91.66666666666667|93.88888888888889|93.88888888888889|93.33333333333333|95.0|95.0|95.0|
| Fac Loc Reg One Step |79.44444444444444|90.55555555555556|88.33333333333333|92.22222222222223|93.33333333333333|92.77777777777777|95.55555555555556|93.88888888888889|96.66666666666667|95.0|
| Rand Reg One Step |79.44444444444444|90.0|86.66666666666667|91.66666666666667|93.88888888888889|96.11111111111111|94.44444444444444|95.0|96.66666666666667|97.22222222222223|
| Facility Location |79.44444444444444|91.66666666666667|87.22222222222223|89.44444444444444|91.11111111111111|92.77777777777777|93.33333333333333|95.55555555555556|94.44444444444444|93.88888888888889|
| FASS |79.44444444444444|88.33333333333333|93.88888888888889|94.44444444444444|95.55555555555556|94.44444444444444|97.22222222222223|97.22222222222223|97.22222222222223|97.22222222222223|
| Random |79.44444444444444|91.11111111111111|91.11111111111111|91.66666666666667|92.77777777777777|93.33333333333333|92.22222222222223|93.88888888888889|95.55555555555556|95.55555555555556|
| BADGE |78.33333333333333|91.11111111111111|93.88888888888889|93.88888888888889|97.22222222222223|97.77777777777777|95.55555555555556|97.22222222222223|97.22222222222223|97.77777777777777|
---------------------------------------------------------------------


Unlabeled data Accuracy
---------------------------------------------------------------------
|Algo                            |44|88|132|176|220|264|308|352|396|440|
| One Step Taylor |81.28986534372785|87.63716166788588|92.51700680272108|93.27599687255669|95.95141700404858|96.13769941225861|97.8204010462075|98.36808703535812|98.58356940509915|98.62068965517241|
| Fac Loc Reg One Step |81.28986534372785|87.4908558888076|91.005291005291|94.91790461297889|94.81781376518218|96.55751469353484|96.9485614646905|98.00543970988214|98.3947119924457|98.22660098522168|
| Rand Reg One Step |81.28986534372785|87.71929824561404|91.9245283018868|93.05772230889235|95.48022598870057|96.57190635451505|97.918473547268|97.38738738738739|98.6879100281162|99.12109375|
| Facility Location |81.28986534372785|91.00219458668617|91.53439153439153|93.19781078967944|93.76518218623482|93.95465994962217|94.0714908456844|93.92565729827743|94.05099150141643|93.49753694581281|
| FASS |81.28986534372785|90.41697147037308|95.31368102796674|96.32525410476936|96.68016194331983|96.97732997481108|97.7332170880558|97.28014505893019|97.1671388101983|96.94581280788178|
| Random |81.28986534372785|91.3931436907367|92.56198347107438|91.63439194422928|93.76498800959233|94.79768786127168|94.27839453458583|95.13704686118479|95.50870760769936|95.33777354900096|
| BADGE |81.28986534372785|90.78273591806877|92.51700680272108|94.37060203283815|97.24696356275304|97.98488664987406|99.5640802092415|99.72801450589301|99.71671388101983|99.80295566502463|
---------------------------------------------------------------------
