=======================================
letter_fraction:0.3_epochs:200_no of selection:10 2020-09-09 12:42:56.664323
letter :Budget =  0.3
Validation Accuracy
---------------------------------------------------------------------
|Algo                            |315|630|945|1260|1575|1890|2205|2520|2835|3150|
| One Step Taylor |55.977777777777774|29.488888888888887|38.577777777777776|33.75555555555555|34.31111111111111|35.71111111111111|38.15555555555556|38.44444444444444|40.4|38.48888888888889|
| Fac Loc Reg One Step |55.977777777777774|29.977777777777778|36.77777777777778|31.066666666666666|37.955555555555556|36.44444444444444|35.08888888888889|35.0|37.62222222222222|41.06666666666667|
| Rand Reg One Step |55.977777777777774|31.044444444444444|39.8|36.266666666666666|38.644444444444446|38.24444444444445|40.977777777777774|34.111111111111114|44.84444444444444|41.6|
| Facility Location |55.977777777777774|49.0|45.422222222222224|39.53333333333333|41.15555555555556|39.22222222222222|44.82222222222222|43.577777777777776|53.46666666666667|47.62222222222222|
| FASS |55.977777777777774|23.8|36.93333333333333|41.93333333333333|34.955555555555556|36.17777777777778|23.955555555555556|39.0|39.08888888888889|45.955555555555556|
| Random |55.977777777777774|32.2|31.288888888888888|43.48888888888889|47.022222222222226|39.91111111111111|39.28888888888889|35.044444444444444|41.422222222222224|38.6|
| BADGE |46.955555555555556|62.71111111111111|67.0|72.93333333333334|74.22222222222223|76.44444444444444|78.84444444444445|79.86666666666666|80.42222222222222|81.11111111111111|
---------------------------------------------------------------------


Test Accuracy
---------------------------------------------------------------------
|Algo                            |315|630|945|1260|1575|1890|2205|2520|2835|3150|
| One Step Taylor |56.04|29.76|38.62|33.04|35.02|36.2|37.24|36.94|40.48|37.4|
| Fac Loc Reg One Step |56.04|29.04|35.78|31.48|39.06|37.02|35.72|36.5|37.2|42.98|
| Rand Reg One Step |56.04|30.94|39.76|35.34|39.48|38.96|41.88|33.28|46.26|41.78|
| Facility Location |55.977777777777774|49.0|45.422222222222224|39.53333333333333|41.15555555555556|39.22222222222222|44.82222222222222|43.577777777777776|53.46666666666667|47.62222222222222|
| FASS |56.04|24.12|35.62|40.3|32.84|36.94|23.9|39.5|37.46|45.0|
| Random |56.04|33.02|30.76|42.38|46.3|40.76|41.3|36.14|40.5|37.68|
| BADGE |45.54|61.92|65.26|72.28|73.5|76.28|78.92|80.1|80.42|81.46|
---------------------------------------------------------------------


Unlabeled data Accuracy
---------------------------------------------------------------------
|Algo                            |315|630|945|1260|1575|1890|2205|2520|2835|3150|
| One Step Taylor |56.95630829651448|27.983789260385006|38.670852956567245|32.943722943722946|35.641456582633054|36.71312427409988|38.45690174804099|39.010025062656645|42.517938682322246|39.074829931972786|
| Fac Loc Reg One Step |56.95630829651448|27.578520770010133|36.21140763997907|31.103896103896105|39.036414565826334|35.551684088269454|35.18987341772152|35.6390977443609|39.699934768427916|43.46938775510204|
| Rand Reg One Step |56.95630829651448|29.581602674501063|39.14408287119389|35.57286595261279|38.58214805689327|39.65177016831109|41.452837007589444|33.70477025165894|45.588426951648636|42.11169995923359|
| Facility Location |56.95630829651448|49.03748733535968|44.280481423338564|37.73809523809524|39.57422969187675|38.757259001161444|44.9789029535865|42.932330827067666|51.87214611872146|45.2108843537415|
| FASS |56.95630829651448|22.836879432624112|36.49398220826792|41.634199134199136|34.21848739495798|35.92334494773519|23.65280289330922|39.824561403508774|39.726027397260275|46.435374149659864|
| Random |56.95630829651448|32.68510077990479|31.18920614998431|43.139798897178075|46.11167058296968|40.49855072463768|40.68326717189944|37.00787401574803|42.13811939133828|38.93181510098956|
| BADGE |46.74521354933726|61.28672745694022|66.13291470434328|72.57575757575758|74.40896358543418|77.74680603948897|80.26522001205545|81.8170426065163|83.11806914546641|84.82993197278911|
---------------------------------------------------------------------
