=======================================
svmguide1_fraction:0.2_epochs:200_no of selection:10 2020-09-09 04:52:43.117964
svmguide1 :Budget =  0.2
Validation Accuracy
---------------------------------------------------------------------
|Algo                            |56|112|168|224|280|336|392|448|504|560|
| One Step Taylor |93.43434343434343|96.96969696969697|96.96969696969697|96.96969696969697|95.95959595959596|94.44444444444444|93.93939393939394|94.94949494949495|94.94949494949495|94.94949494949495|
| Fac Loc Reg One Step |93.43434343434343|96.46464646464646|96.96969696969697|96.46464646464646|95.95959595959596|94.44444444444444|94.44444444444444|95.95959595959596|91.91919191919192|93.43434343434343|
| Rand Reg One Step |93.43434343434343|97.47474747474747|97.97979797979798|95.45454545454545|97.47474747474747|96.46464646464646|95.45454545454545|94.44444444444444|93.93939393939394|93.43434343434343|
| Facility Location |93.43434343434343|94.44444444444444|92.92929292929293|94.44444444444444|93.43434343434343|94.94949494949495|94.94949494949495|95.95959595959596|94.44444444444444|93.93939393939394|
| FASS |93.43434343434343|95.95959595959596|96.46464646464646|96.46464646464646|96.96969696969697|96.46464646464646|97.47474747474747|98.48484848484848|97.47474747474747|96.46464646464646|
| Random |93.43434343434343|91.41414141414141|91.91919191919192|92.92929292929293|95.95959595959596|94.94949494949495|94.94949494949495|93.93939393939394|95.95959595959596|95.95959595959596|
| BADGE |93.93939393939394|95.95959595959596|96.96969696969697|97.47474747474747|97.47474747474747|98.48484848484848|97.97979797979798|97.97979797979798|97.97979797979798|97.97979797979798|
---------------------------------------------------------------------


Test Accuracy
---------------------------------------------------------------------
|Algo                            |56|112|168|224|280|336|392|448|504|560|
| One Step Taylor |92.675|95.3|95.75|96.15|95.95|95.05|94.725|94.05|94.225|94.225|
| Fac Loc Reg One Step |92.675|95.525|95.775|95.85|96.35|95.3|95.775|96.025|93.2|93.625|
| Rand Reg One Step |92.675|95.975|96.3|95.925|95.175|96.125|95.45|95.45|94.85|94.725|
| Facility Location |93.43434343434343|94.44444444444444|92.92929292929293|94.44444444444444|93.43434343434343|94.94949494949495|94.94949494949495|95.95959595959596|94.44444444444444|93.93939393939394|
| FASS |92.675|94.85|95.375|94.9|94.55|94.9|95.15|95.25|94.225|93.0|
| Random |92.675|92.35|93.675|93.65|95.675|93.75|92.025|93.6|95.35|96.05|
| BADGE |93.35|95.625|96.55|96.25|96.65|96.85|97.0|96.95|96.75|97.0|
---------------------------------------------------------------------


Unlabeled data Accuracy
---------------------------------------------------------------------
|Algo                            |56|112|168|224|280|336|392|448|504|560|
| One Step Taylor |92.43759177679883|94.86506746626686|95.63552833078101|96.47887323943662|97.0|96.9721767594108|97.23618090452261|97.29845626072041|97.27592267135326|97.2072072072072|
| Fac Loc Reg One Step |92.43759177679883|95.12743628185908|95.82695252679939|96.40062597809077|96.88|97.01309328968904|97.23618090452261|97.25557461406518|96.8804920913884|97.25225225225225|
| Rand Reg One Step |92.43759177679883|95.6912701386287|96.32746748278501|96.79562329034779|96.96485623003196|97.59085340955492|97.91144527986633|97.99059427105601|97.85464098073555|97.93629430237775|
| Facility Location |92.43759177679883|92.9160419790105|94.14241960183767|94.36619718309859|94.76|95.25368248772504|94.38860971524288|95.2401372212693|92.35500878734622|92.02702702702703|
| FASS |92.43759177679883|94.75262368815592|95.82695252679939|95.65727699530517|95.4|96.27659574468085|96.90117252931323|97.08404802744425|96.44112478031634|96.53153153153153|
| Random |92.43759177679883|92.4287856071964|93.18529862174579|93.54460093896714|94.96|92.22585924713584|94.09547738693468|91.33790737564323|94.15641476274165|94.95495495495496|
| BADGE |92.69456681350954|95.61469265367316|96.8989280245023|97.14397496087636|97.84|98.52700490998363|98.78559463986599|99.27101200686106|99.47275922671353|99.54954954954955|
---------------------------------------------------------------------
