=======================================
svmguide1_fraction:0.1_epochs:200_no of selection:10 2020-09-12 20:24:16.674806
svmguide1 :Budget =  0.1
Validation Accuracy
---------------------------------------------------------------------
|Algo                            |28|56|84|112|140|168|196|224|252|280|
| One Step Taylor |90.4040404040404|85.35353535353535|95.95959595959596|95.95959595959596|97.47474747474747|96.46464646464646|96.96969696969697|96.46464646464646|95.95959595959596|96.96969696969697|
| Fac Loc Reg One Step |90.4040404040404|81.81818181818181|93.43434343434343|95.95959595959596|97.47474747474747|97.47474747474747|95.95959595959596|95.45454545454545|96.96969696969697|95.95959595959596|
| Rand Reg One Step |90.4040404040404|93.93939393939394|94.94949494949495|97.47474747474747|95.95959595959596|96.96969696969697|97.47474747474747|96.96969696969697|96.46464646464646|95.45454545454545|
| Facility Location |90.4040404040404|90.4040404040404|94.44444444444444|96.46464646464646|95.95959595959596|95.95959595959596|94.94949494949495|94.94949494949495|95.45454545454545|95.95959595959596|
| FASS |90.4040404040404|94.44444444444444|95.95959595959596|95.95959595959596|96.46464646464646|96.96969696969697|96.96969696969697|96.46464646464646|96.46464646464646|96.46464646464646|
| Random |90.4040404040404|90.4040404040404|94.94949494949495|95.95959595959596|95.45454545454545|95.95959595959596|95.95959595959596|95.95959595959596|95.45454545454545|96.46464646464646|
| BADGE |90.4040404040404|92.92929292929293|95.95959595959596|95.45454545454545|95.95959595959596|97.47474747474747|97.47474747474747|97.47474747474747|97.47474747474747|97.97979797979798|
---------------------------------------------------------------------


Test Accuracy
---------------------------------------------------------------------
|Algo                            |28|56|84|112|140|168|196|224|252|280|
| One Step Taylor |88.65|84.425|95.65|96.1|96.6|95.925|96.25|96.525|96.025|95.9|
| Fac Loc Reg One Step |88.65|81.35|93.325|95.375|96.525|96.475|96.55|95.625|96.225|96.125|
| Rand Reg One Step |88.65|94.7|94.925|96.475|96.3|96.4|96.8|96.25|95.95|95.85|
| Facility Location |88.65|90.35|95.375|96.05|94.925|95.925|94.9|95.775|95.85|95.75|
| FASS |88.65|94.025|96.125|95.775|95.35|95.25|95.675|95.925|96.05|95.9|
| Random |88.65|90.575|95.25|95.15|95.425|94.225|95.325|95.425|95.5|95.925|
| BADGE |88.675|92.65|94.775|95.7|96.15|96.55|96.775|96.675|96.825|96.9|
---------------------------------------------------------------------


Unlabeled data Accuracy
---------------------------------------------------------------------
|Algo                            |28|56|84|112|140|168|196|224|252|280|
| One Step Taylor |87.97238372093024|88.1791483113069|95.91988130563799|96.40179910044978|96.81818181818181|96.82235834609494|97.36842105263158|97.73082942097027|97.90348101265823|97.84|
| Fac Loc Reg One Step |87.97238372093024|85.97650513950073|92.80415430267063|95.53973013493254|96.06060606060606|96.5926493108729|97.32972136222911|96.90923317683881|97.38924050632912|97.76|
| Rand Reg One Step |87.97238372093024|94.75229357798165|95.14455151964418|96.51815799326096|97.16338880484115|97.47802827665265|97.56756756756756|97.89309403043309|97.91009463722398|98.00717417297729|
| Facility Location |87.97238372093024|90.8223201174743|95.21513353115726|95.65217391304348|95.0|95.59724349157733|94.38854489164086|95.46165884194053|95.80696202531645|95.44|
| FASS |87.97238372093024|93.83259911894272|96.06824925816024|96.32683658170914|96.40151515151516|96.47779479326186|96.82662538699691|97.45696400625978|97.50791139240506|97.72|
| Random |87.97238372093024|91.29955947136564|95.17804154302671|95.12743628185908|95.49242424242425|95.21439509954058|95.04643962848297|95.14866979655712|94.81803797468355|95.44|
| BADGE |87.97238372093024|92.76798825256975|94.43620178041543|95.53973013493254|96.62878787878788|97.09035222052067|97.13622291021672|97.339593114241|97.66613924050633|97.92|
---------------------------------------------------------------------
