=======================================
svmguide1_fraction:0.1_epochs:200_no of selection:10 2020-09-12 20:23:18.891566
svmguide1 :Budget =  0.1
Validation Accuracy
---------------------------------------------------------------------
|Algo                            |28|56|84|112|140|168|196|224|252|280|
| One Step Taylor |90.4040404040404|92.42424242424242|95.45454545454545|95.95959595959596|91.41414141414141|96.96969696969697|96.46464646464646|94.94949494949495|95.45454545454545|96.96969696969697|
| Fac Loc Reg One Step |90.4040404040404|91.91919191919192|95.95959595959596|97.47474747474747|95.45454545454545|96.96969696969697|94.44444444444444|96.96969696969697|96.46464646464646|96.96969696969697|
| Rand Reg One Step |90.4040404040404|91.41414141414141|95.45454545454545|97.97979797979798|93.43434343434343|97.97979797979798|95.45454545454545|94.44444444444444|96.46464646464646|96.46464646464646|
| Facility Location |90.4040404040404|90.4040404040404|90.4040404040404|91.91919191919192|89.8989898989899|94.44444444444444|88.88888888888889|89.39393939393939|95.45454545454545|89.39393939393939|
| FASS |90.4040404040404|92.42424242424242|93.43434343434343|95.45454545454545|95.45454545454545|95.95959595959596|96.46464646464646|96.96969696969697|96.46464646464646|96.96969696969697|
| Random |90.4040404040404|91.41414141414141|89.8989898989899|92.42424242424242|95.45454545454545|88.88888888888889|91.91919191919192|90.9090909090909|89.8989898989899|94.44444444444444|
| BADGE |90.4040404040404|92.92929292929293|95.95959595959596|94.94949494949495|97.47474747474747|98.48484848484848|98.48484848484848|98.48484848484848|98.48484848484848|97.97979797979798|
---------------------------------------------------------------------


Test Accuracy
---------------------------------------------------------------------
|Algo                            |28|56|84|112|140|168|196|224|252|280|
| One Step Taylor |88.65|94.225|95.75|94.675|92.75|96.075|96.15|94.125|95.875|96.425|
| Fac Loc Reg One Step |88.65|94.7|95.95|96.2|94.75|95.95|94.625|95.85|95.6|96.1|
| Rand Reg One Step |88.65|94.075|96.1|95.975|92.175|96.175|95.675|95.1|94.825|95.175|
| Facility Location |88.65|90.275|90.425|92.425|90.375|93.2|89.075|90.75|93.4|90.05|
| FASS |88.65|93.775|94.7|95.55|95.7|95.425|96.175|96.175|96.075|96.2|
| Random |88.65|90.725|88.65|91.65|94.025|89.55|92.575|91.2|92.05|94.375|
| BADGE |88.675|94.325|95.125|95.5|96.4|96.75|96.55|96.475|96.5|96.15|
---------------------------------------------------------------------


Unlabeled data Accuracy
---------------------------------------------------------------------
|Algo                            |28|56|84|112|140|168|196|224|252|280|
| One Step Taylor |87.97238372093024|93.4287812041116|95.73442136498517|94.90254872563717|92.08333333333333|96.63093415007657|96.32352941176471|95.77464788732394|96.91455696202532|97.52|
| Fac Loc Reg One Step |87.97238372093024|93.46549192364171|96.21661721068249|96.2143928035982|95.15151515151516|96.66921898928024|95.6656346749226|96.71361502347418|97.23101265822785|97.4|
| Rand Reg One Step |87.97238372093024|92.73394495412845|96.03409933283913|96.03144889554474|92.20877458396369|96.25525410775697|95.86872586872587|95.94225516972298|96.80599369085174|96.17377441211639|
| Facility Location |87.97238372093024|88.2525697503671|88.16765578635015|90.51724137931035|87.87878787878788|91.50076569678407|85.1780185758514|87.44131455399061|92.44462025316456|87.08|
| FASS |87.97238372093024|92.62114537444934|94.10237388724036|95.83958020989505|96.13636363636364|96.17151607963247|97.40712074303406|97.57433489827856|97.5870253164557|97.92|
| Random |87.97238372093024|88.76651982378854|85.68249258160238|89.80509745127436|93.18181818181819|86.56202143950995|90.28637770897832|88.22378716744915|89.24050632911393|92.28|
| BADGE |87.97238372093024|93.3920704845815|94.84421364985164|95.31484257871064|97.12121212121212|97.32006125574273|97.36842105263158|97.73082942097027|97.90348101265823|97.92|
---------------------------------------------------------------------
