=======================================
sklearn-digits_fraction:0.2_epochs:200_no of selection:10 2020-09-05 11:31:10.699848
sklearn-digits :Budget =  0.2
Validation Accuracy
---------------------------------------------------------------------
|Algo                            |0|21|42|63|84|105|126|147|168|189|
| One Step Taylor |61.25|67.5|73.75|77.5|78.75|78.75|81.25|85.0|85.0|85.0|
| Fac Loc Reg One Step |61.25|70.0|75.0|77.5|75.0|78.75|78.75|81.25|81.25|81.25|
| Rand Reg One Step |61.25|68.75|70.0|71.25|72.5|76.25|77.5|77.5|80.0|80.0|
| Facility Location |61.25|63.75|65.0|66.25|67.5|68.75|70.0|71.25|72.5|72.5|
| FASS |61.25|81.25|85.0|90.0|90.0|90.0|88.75|90.0|88.75|88.75|
| Random |61.25|77.5|81.25|82.5|82.5|85.0|86.25|85.0|85.0|85.0|
| BADGE |66.25|71.25|75.0|73.75|77.5|77.5|81.25|85.0|82.5|81.25|
---------------------------------------------------------------------


Test Accuracy
---------------------------------------------------------------------
|Algo                            |0|21|42|63|84|105|126|147|168|189|
| One Step Taylor |62.5|66.25|70.0|73.75|76.25|76.25|76.25|83.75|85.0|86.25|
| Fac Loc Reg One Step |62.5|68.75|70.0|76.25|75.0|83.75|82.5|83.75|83.75|85.0|
| Rand Reg One Step |62.5|67.5|67.5|70.0|71.25|75.0|78.75|78.75|78.75|82.5|
| Facility Location |61.25|63.75|65.0|66.25|67.5|68.75|70.0|71.25|72.5|72.5|
| FASS |62.5|82.5|83.75|88.75|88.75|91.25|91.25|91.25|91.25|91.25|
| Random |62.5|78.75|85.0|86.25|88.75|91.25|90.0|91.25|91.25|91.25|
| BADGE |57.5|70.0|70.0|72.5|80.0|77.5|82.5|85.0|85.0|87.5|
---------------------------------------------------------------------


Unlabeled data Accuracy
---------------------------------------------------------------------
|Algo                            |0|21|42|63|84|105|126|147|168|189|
| One Step Taylor |86.3147605083089|92.01596806387225|94.29153924566769|94.47916666666667|95.63365282215122|96.40522875816994|96.87848383500557|98.40182648401826|98.71345029239767|98.6810551558753|
| Fac Loc Reg One Step |86.3147605083089|91.31736526946108|94.18960244648318|94.27083333333333|95.31416400425985|97.05882352941177|97.77034559643255|98.40182648401826|98.59649122807018|98.56115107913669|
| Rand Reg One Step |86.3147605083089|91.82452642073778|92.77721261444557|93.45794392523365|94.69777306468717|95.66630552546046|96.01328903654485|96.82899207248018|97.21900347624566|97.74614472123369|
| Facility Location |86.3147605083089|89.32135728542914|89.60244648318043|91.04166666666667|91.48029818956337|92.0479302832244|93.19955406911929|93.03652968036529|93.21637426900585|93.04556354916068|
| FASS |86.3147605083089|92.51497005988024|96.12640163098878|96.45833333333333|97.01810436634717|97.05882352941177|97.5473801560758|97.71689497716895|97.77777777777777|97.96163069544365|
| Random |86.3147605083089|90.02991026919243|91.14954221770091|90.65420560747664|92.47083775185578|92.3076923076923|91.91583610188262|92.7519818799547|93.39513325608343|94.30604982206405|
| BADGE |84.23153692614771|90.21406727828746|93.02083333333333|93.61022364217253|95.53376906318083|96.65551839464882|97.8310502283105|98.3625730994152|98.56115107913669|99.0159901599016|
---------------------------------------------------------------------
