=======================================
letter_fraction:0.1_epochs:200_no of selection:10 2020-09-12 19:52:20.185165
letter :Budget =  0.1
Validation Accuracy
---------------------------------------------------------------------
|Algo                            |105|210|315|420|525|630|735|840|945|1050|
| One Step Taylor |15.044444444444444|33.08888888888889|47.6|54.111111111111114|57.733333333333334|59.4|60.55555555555556|64.42222222222222|65.53333333333333|64.55555555555556|
| Fac Loc Reg One Step |15.044444444444444|33.44444444444444|44.82222222222222|53.31111111111111|56.2|60.666666666666664|60.51111111111111|61.55555555555556|61.577777777777776|62.31111111111111|
| Rand Reg One Step |15.044444444444444|33.888888888888886|48.4|53.022222222222226|56.17777777777778|60.955555555555556|62.333333333333336|64.02222222222223|63.48888888888889|64.91111111111111|
| Facility Location |15.044444444444444|47.022222222222226|54.955555555555556|61.333333333333336|65.15555555555555|65.35555555555555|67.26666666666667|65.2|69.31111111111112|68.8|
| FASS |15.044444444444444|43.111111111111114|52.577777777777776|57.111111111111114|58.68888888888889|64.95555555555555|61.93333333333333|64.11111111111111|64.5111111111111|66.91111111111111|
| Random |15.044444444444444|45.55555555555556|58.37777777777778|61.8|64.8|66.53333333333333|67.91111111111111|69.66666666666667|67.95555555555555|69.4888888888889|
| BADGE |2.577777777777778|34.08888888888889|44.62222222222222|54.2|60.955555555555556|59.8|67.68888888888888|70.08888888888889|72.26666666666667|73.71111111111111|
---------------------------------------------------------------------


Test Accuracy
---------------------------------------------------------------------
|Algo                            |105|210|315|420|525|630|735|840|945|1050|
| One Step Taylor |14.08|33.16|48.14|53.94|58.64|59.98|62.18|65.86|64.94|64.62|
| Fac Loc Reg One Step |14.08|33.76|44.9|52.52|56.78|59.02|60.88|62.12|61.94|62.06|
| Rand Reg One Step |14.08|34.44|48.54|52.04|56.66|60.52|61.5|64.36|62.58|65.22|
| Facility Location |14.08|46.68|54.88|61.66|64.42|64.44|66.28|65.38|67.98|68.12|
| FASS |14.08|43.14|53.3|58.04|59.18|64.6|62.36|63.54|64.04|66.68|
| Random |14.08|46.32|57.98|62.6|65.06|66.56|67.68|69.88|67.52|69.82|
| BADGE |2.54|33.16|43.48|54.56|61.22|60.34|67.68|69.92|72.36|73.62|
---------------------------------------------------------------------


Unlabeled data Accuracy
---------------------------------------------------------------------
|Algo                            |105|210|315|420|525|630|735|840|945|1050|
| One Step Taylor |14.583934583934584|32.3226433430515|48.885616102110944|53.74007936507937|58.30576441102757|59.34143870314083|61.577060931899645|64.35817805383023|65.35845107273678|64.24338624338624|
| Fac Loc Reg One Step |14.583934583934584|32.71137026239067|45.33136966126657|53.00595238095238|56.38095238095238|59.361702127659576|60.63492063492063|62.0703933747412|61.74777603349032|62.4973544973545|
| Rand Reg One Step |14.583934583934584|33.45641822952094|48.78767056051831|52.960428443915504|56.67902595450446|60.881012658227846|61.54948316446628|63.63918485569463|63.18101014326048|65.38746167671002|
| Facility Location |14.583934583934584|46.10301263362488|54.97299950908198|61.68650793650794|64.70175438596492|65.15704154002026|66.31848438300051|64.77225672877847|67.49345892203036|67.22751322751323|
| FASS |14.583934583934584|42.118561710398446|53.01914580265096|57.7281746031746|59.13784461152882|64.4579533941236|62.72401433691756|64.94824016563147|64.59445316588173|68.3068783068783|
| Random |14.583934583934584|45.4086094645807|57.99548444095416|61.985520182485374|64.7559875739052|65.33670886075949|67.40354109098352|68.94589841729595|67.74024887587576|69.8171054022624|
| BADGE |2.6262626262626263|33.79980563654033|44.40844378988709|54.27579365079365|61.31328320802005|60.476190476190474|68.29493087557604|69.89648033126294|72.81004709576138|74.21164021164022|
---------------------------------------------------------------------
