=======================================
dna_fraction:0.2_epochs:200_no of selection:10 2020-09-12 20:02:10.360755
dna :Budget =  0.2
Validation Accuracy
---------------------------------------------------------------------
|Algo                            |28|56|84|112|140|168|196|224|252|280|
| One Step Taylor |65.6641604010025|75.18796992481202|80.70175438596492|84.71177944862156|90.47619047619048|89.97493734335839|90.72681704260651|92.4812030075188|91.2280701754386|92.73182957393483|
| Fac Loc Reg One Step |65.6641604010025|78.94736842105263|83.95989974937343|88.47117794486215|90.72681704260651|92.98245614035088|91.97994987468671|91.47869674185463|91.97994987468671|91.97994987468671|
| Rand Reg One Step |65.6641604010025|74.43609022556392|84.21052631578948|88.47117794486215|87.96992481203007|88.7218045112782|90.22556390977444|90.97744360902256|93.23308270676692|94.23558897243107|
| Facility Location |65.6641604010025|72.68170426065163|75.43859649122807|79.9498746867168|79.4486215538847|80.95238095238095|82.70676691729324|82.20551378446115|83.45864661654136|83.70927318295739|
| FASS |65.6641604010025|74.68671679197995|84.46115288220551|87.468671679198|89.72431077694236|92.4812030075188|93.98496240601504|94.23558897243107|93.98496240601504|94.48621553884712|
| Random |65.6641604010025|73.93483709273183|80.20050125313283|83.45864661654136|84.9624060150376|85.96491228070175|87.468671679198|88.22055137844612|88.7218045112782|89.72431077694236|
| BADGE |65.41353383458646|82.70676691729324|86.46616541353383|87.96992481203007|90.47619047619048|91.72932330827068|92.4812030075188|93.48370927318295|93.23308270676692|94.23558897243107|
---------------------------------------------------------------------


Test Accuracy
---------------------------------------------------------------------
|Algo                            |28|56|84|112|140|168|196|224|252|280|
| One Step Taylor |66.9047619047619|74.04761904761905|82.14285714285714|85.23809523809524|88.33333333333333|89.52380952380952|90.0|89.76190476190476|90.5952380952381|90.95238095238095|
| Fac Loc Reg One Step |66.9047619047619|77.26190476190476|81.78571428571429|84.64285714285714|86.9047619047619|89.64285714285714|90.71428571428571|90.11904761904762|92.02380952380952|92.38095238095238|
| Rand Reg One Step |66.9047619047619|72.02380952380952|83.69047619047619|85.11904761904762|86.07142857142857|88.21428571428571|86.54761904761905|88.45238095238095|89.76190476190476|90.83333333333333|
| Facility Location |66.9047619047619|69.4047619047619|74.88095238095238|77.73809523809524|80.83333333333333|81.9047619047619|83.57142857142857|82.97619047619048|84.4047619047619|85.47619047619048|
| FASS |66.9047619047619|71.42857142857143|82.38095238095238|86.66666666666667|87.73809523809524|89.76190476190476|88.92857142857143|88.92857142857143|89.52380952380952|90.47619047619048|
| Random |66.9047619047619|73.0952380952381|77.85714285714286|83.33333333333333|83.0952380952381|84.88095238095238|86.54761904761905|86.66666666666667|87.5|88.57142857142857|
| BADGE |67.85714285714286|81.66666666666667|85.83333333333333|87.85714285714286|89.52380952380952|90.35714285714286|91.54761904761905|91.9047619047619|93.33333333333333|93.33333333333333|
---------------------------------------------------------------------


Unlabeled data Accuracy
---------------------------------------------------------------------
|Algo                            |28|56|84|112|140|168|196|224|252|280|
| One Step Taylor |54.373177842565596|71.57738095238095|77.20364741641338|84.08385093167702|87.6984126984127|89.20454545454545|90.86378737541528|92.00680272108843|93.37979094076655|94.375|
| Fac Loc Reg One Step |54.373177842565596|73.36309523809524|80.54711246200608|85.24844720496894|87.53968253968254|90.58441558441558|92.10963455149502|93.11224489795919|93.81533101045297|95.26785714285714|
| Rand Reg One Step |54.373177842565596|72.86245353159852|81.79059180576631|84.58559256390394|87.65822784810126|89.81406628940987|91.48760330578513|91.88503803888419|93.68512110726644|93.88839681133747|
| Facility Location |54.373177842565596|56.845238095238095|63.14589665653495|65.83850931677019|68.88888888888889|70.0487012987013|71.59468438538207|73.46938775510205|75.0|75.26785714285714|
| FASS |54.373177842565596|69.19642857142857|80.54711246200608|85.40372670807453|86.19047619047619|88.14935064935065|89.70099667774086|91.15646258503402|91.11498257839722|92.85714285714286|
| Random |54.373177842565596|68.02973977695167|72.98937784522003|76.45236250968242|77.76898734177215|80.51738075990299|81.90082644628099|82.33305156382079|83.3044982698962|83.08237378210806|
| BADGE |54.3002915451895|77.67857142857143|83.8145896656535|86.0248447204969|87.53968253968254|90.66558441558442|92.52491694352159|92.77210884353741|93.55400696864112|94.73214285714286|
---------------------------------------------------------------------
