=======================================
connect_4_fraction:0.2_epochs:200_no of selection:10 2020-09-11 12:06:38.162275
connect_4 :Budget =  0.2
Validation Accuracy
---------------------------------------------------------------------
|Algo                            |1095|2190|3285|4380|5475|6570|7665|8760|9855|10950|
| One Step Taylor |73.4583127775037|76.78013484624239|78.80282848215754|78.63838184509127|79.31261305706299|79.69084032231541|79.92106561420819|79.9868442690347|80.11840157868771|80.5952968261799|
| Fac Loc Reg One Step |73.4583127775037|76.15523762539055|77.88192731458642|78.88505180069068|79.42772570300937|80.11840157868771|80.39796086170038|80.82552211807268|80.5952968261799|81.08863673737872|
| Rand Reg One Step |73.4583127775037|76.68146686400263|77.65170202269364|78.73704982733103|79.54283834895577|79.93751027791481|80.00328893274133|80.49662884394014|80.08551225127447|80.29929287946061|
| Facility Location |73.4583127775037|76.13879296168393|77.12547278408157|77.65170202269364|78.22726525242558|78.37526722578524|78.52326919914488|78.42460121690512|78.2930439072521|78.91794112810393|
| FASS |73.4583127775037|76.28679493504357|78.19437592501234|78.32593323466536|78.73704982733103|79.23038973852985|79.49350435783589|79.13172175629009|79.13172175629009|79.41128103930275|
| Random |73.4583127775037|73.58987008715671|74.64232856438086|74.52721591843446|74.47788192731458|74.56010524584772|74.82321986515376|74.52721591843446|74.95477717480678|73.42542345009045|
| BADGE |73.44186811379707|76.2374609439237|77.04324946554843|78.16148659759908|78.6548265087979|79.70728498602203|80.3486268705805|80.43085018911363|81.18730471961848|80.97352409143232|
---------------------------------------------------------------------


Test Accuracy
---------------------------------------------------------------------
|Algo                            |1095|2190|3285|4380|5475|6570|7665|8760|9855|10950|
| One Step Taylor |73.44582593250443|76.18413262285375|78.21195973949082|78.50799289520427|79.05565423327413|79.24807578448787|79.70692717584369|79.38129070455891|79.9141503848431|79.81053878034339|
| Fac Loc Reg One Step |73.44582593250443|76.28774422735346|77.98993487270575|78.22676139727649|79.01124925991711|79.0704558910598|78.9076376554174|79.45529899348728|80.09177027827117|79.8697454114861|
| Rand Reg One Step |73.44582593250443|76.22853759621077|77.93072824156306|78.73001776198934|79.24807578448787|78.86323268206039|79.18886915334518|79.26287744227353|79.11486086441681|79.647720544701|
| Facility Location |73.4583127775037|76.13879296168393|77.12547278408157|77.65170202269364|78.22726525242558|78.37526722578524|78.52326919914488|78.42460121690512|78.2930439072521|78.91794112810393|
| FASS |73.44582593250443|75.54766133806986|76.98342214328005|77.23505032563646|77.26465364120781|77.88632326820604|77.73830669034932|77.30905861456483|78.5375962107756|78.1675547661338|
| Random |73.44582593250443|73.26820603907638|74.30432208407342|74.71876850207224|74.3635287152161|74.24511545293073|74.45233866193014|74.12670219064535|74.61515689757253|72.98697454114861|
| BADGE |73.4162226169331|76.0065127294257|76.90941385435168|77.56068679692126|77.91592658377738|79.08525754884548|80.23978685612789|80.16577856719952|80.87625814091179|81.37951450562463|
---------------------------------------------------------------------


Unlabeled data Accuracy
---------------------------------------------------------------------
|Algo                            |1095|2190|3285|4380|5475|6570|7665|8760|9855|10950|
| One Step Taylor |73.35011655011655|76.97886921758995|79.15232818119958|80.25625744934446|81.49050665042137|82.62720664589824|83.57879077675061|84.24934725848564|85.40064638359523|86.223440712817|
| Fac Loc Reg One Step |73.35011655011655|76.71806586712354|78.74015748031496|80.52046086611045|81.59000913798356|82.69989615784009|83.43640420784189|84.38207136640557|85.1621531260448|86.14347726753483|
| Rand Reg One Step |73.35011655011655|76.82701642839466|78.63794544782938|80.23558389448384|81.34987512436801|82.26352403696397|82.89454112747285|83.88191528705376|84.76589485882378|85.5638548162361|
| Facility Location |73.35011655011655|76.31639063392348|77.72139593661903|78.32340087405642|78.53386130571631|78.78296988577362|79.39432578897035|79.19277632724108|79.37813440320963|79.35343842814713|
| FASS |73.35011655011655|76.60003807348183|78.47769028871392|79.54112038140643|80.6904254239009|81.75700934579439|82.1315481882903|82.88729329852045|84.02763847096845|84.8457847840987|
| Random |73.35011655011655|74.11955073291452|75.74025469038592|76.33690901867303|76.6372220530003|76.58566978193146|76.88449686537031|76.677545691906|77.51922433968572|75.9721270276445|
| BADGE |73.32400932400932|76.19645916619075|77.64168367842909|78.87961859356376|79.94923342471317|81.19003115264798|82.07841887153332|82.89382071366406|83.9005906608715|84.80466072652501|
---------------------------------------------------------------------
