=======================================
mnist_fraction:0.1_epochs:200_no of selection:10 2020-09-08 14:54:16.464226
mnist :Budget =  0.1
Validation Accuracy
---------------------------------------------------------------------
|Algo                            |540|1080|1620|2160|2700|3240|3780|4320|4860|5400|
| One Step Taylor |9.783333333333333|10.966666666666667|13.4|9.533333333333333|9.533333333333333|9.533333333333333|9.533333333333333|9.533333333333333|9.533333333333333|9.533333333333333|
| Fac Loc Reg One Step |9.783333333333333|10.966666666666667|11.3|14.366666666666667|9.533333333333333|9.533333333333333|9.533333333333333|9.533333333333333|9.533333333333333|9.533333333333333|
| Rand Reg One Step |9.783333333333333|10.966666666666667|11.25|10.9|10.9|9.533333333333333|9.533333333333333|9.533333333333333|9.533333333333333|9.533333333333333|
| Facility Location |9.783333333333333|19.35|19.533333333333335|19.766666666666666|19.75|19.85|19.833333333333332|19.85|19.866666666666667|19.9|
| FASS |9.783333333333333|15.066666666666666|10.533333333333333|10.533333333333333|10.533333333333333|10.533333333333333|10.533333333333333|10.533333333333333|10.533333333333333|10.533333333333333|
| Random |9.783333333333333|9.866666666666667|19.766666666666666|20.75|20.716666666666665|20.883333333333333|20.816666666666666|20.883333333333333|26.083333333333332|17.2|
| BADGE |88.43333333333334|90.91666666666667|90.7|93.2|93.03333333333333|94.1|94.83333333333333|95.73333333333333|94.73333333333333|96.05|
---------------------------------------------------------------------


Test Accuracy
---------------------------------------------------------------------
|Algo                            |540|1080|1620|2160|2700|3240|3780|4320|4860|5400|
| One Step Taylor |10.51|11.4|13.65|10.32|10.32|10.32|10.32|10.32|10.32|10.32|
| Fac Loc Reg One Step |10.51|11.41|11.7|14.88|10.32|10.32|10.32|10.32|10.32|10.32|
| Rand Reg One Step |10.51|11.4|11.63|11.35|11.35|10.32|10.32|10.32|10.32|10.32|
| Facility Location |9.783333333333333|19.35|19.533333333333335|19.766666666666666|19.75|19.85|19.833333333333332|19.85|19.866666666666667|19.9|
| FASS |10.51|15.88|9.83|9.83|9.83|9.83|9.83|9.83|9.83|9.83|
| Random |10.51|10.53|21.09|20.64|20.63|20.79|20.65|20.73|26.12|17.15|
| BADGE |88.47|91.59|90.3|93.6|92.94|93.33|94.76|95.65|95.01|96.03|
---------------------------------------------------------------------


Unlabeled data Accuracy
---------------------------------------------------------------------
|Algo                            |540|1080|1620|2160|2700|3240|3780|4320|4860|5400|
| One Step Taylor |10.15712682379349|11.173469387755102|13.470790378006873|9.020061728395062|9.017543859649123|9.04649330181245|9.054161688570291|9.045893719806763|9.043549043549044|9.047325102880658|
| Fac Loc Reg One Step |10.15712682379349|11.171579743008314|11.439480717831234|14.214891975308642|8.695906432748538|8.695823483057525|8.69573874950219|8.717793880837359|8.701668701668702|8.697530864197532|
| Rand Reg One Step |10.15712682379349|11.158352229780801|11.35357006491027|11.124614197530864|11.118908382066277|9.702521670606776|9.679410593389088|9.675925925925926|9.641839641839642|9.646090534979423|
| Facility Location |10.15712682379349|20.075585789871504|20.20618556701031|20.576774691358025|20.608187134502923|20.72695035460993|20.806451612903224|20.841384863123995|20.870980870980873|20.919753086419753|
| FASS |10.15712682379349|15.885314318866618|9.845335730067783|9.844695479495682|9.842180236917079|9.841537740271917|9.840894592667642|9.840250793114453|9.835850048831793|9.835203036623636|
| Random |10.15712682379349|10.230536659108088|20.542191676212294|20.516975308641975|20.53216374269006|20.689519306540582|20.58741537236161|20.722624798711756|25.964590964590965|16.691358024691358|
| BADGE |87.73101384212495|91.14701436130008|90.83428789614356|93.15393518518519|93.10916179337232|94.10362490149724|95.50975706889686|96.27616747181965|96.26373626373626|97.24897119341564|
---------------------------------------------------------------------
