=======================================
svmguide1_fraction:0.1_epochs:200_no of selection:10 2020-09-05 11:29:56.758831
svmguide1 :Budget =  0.1
Validation Accuracy
---------------------------------------------------------------------
|Algo                            |0|28|56|84|112|140|168|196|224|252|
| One Step Taylor |89.8989898989899|91.41414141414141|93.43434343434343|93.93939393939394|94.94949494949495|93.43434343434343|93.43434343434343|94.94949494949495|94.94949494949495|95.45454545454545|
| Fac Loc Reg One Step |89.8989898989899|91.91919191919192|91.91919191919192|94.44444444444444|92.92929292929293|92.92929292929293|93.93939393939394|93.93939393939394|94.94949494949495|95.95959595959596|
| Rand Reg One Step |89.8989898989899|91.41414141414141|93.43434343434343|93.43434343434343|94.44444444444444|94.94949494949495|93.93939393939394|94.44444444444444|94.44444444444444|94.94949494949495|
| Facility Location |89.8989898989899|90.4040404040404|90.4040404040404|92.92929292929293|92.92929292929293|92.92929292929293|92.92929292929293|92.92929292929293|92.92929292929293|92.92929292929293|
| FASS |89.8989898989899|92.92929292929293|93.43434343434343|93.93939393939394|94.44444444444444|94.94949494949495|95.45454545454545|95.45454545454545|95.45454545454545|95.45454545454545|
| Random |89.8989898989899|90.4040404040404|90.9090909090909|92.42424242424242|92.92929292929293|92.92929292929293|93.43434343434343|93.43434343434343|93.43434343434343|93.43434343434343|
| BADGE |90.4040404040404|91.91919191919192|92.92929292929293|93.43434343434343|93.43434343434343|93.93939393939394|94.94949494949495|94.94949494949495|95.95959595959596|95.95959595959596|
---------------------------------------------------------------------


Test Accuracy
---------------------------------------------------------------------
|Algo                            |0|28|56|84|112|140|168|196|224|252|
| One Step Taylor |88.9|91.375|93.75|94.35|94.65|94.425|94.5|94.625|94.8|95.05|
| Fac Loc Reg One Step |88.9|92.575|93.225|94.65|93.9|93.9|94.525|94.65|94.9|95.0|
| Rand Reg One Step |88.9|91.95|93.6|94.525|94.25|94.475|94.4|94.475|94.575|94.7|
| Facility Location |89.8989898989899|90.4040404040404|90.4040404040404|92.92929292929293|92.92929292929293|92.92929292929293|92.92929292929293|92.92929292929293|92.92929292929293|92.92929292929293|
| FASS |88.9|93.0|93.9|94.35|94.65|94.575|94.45|94.5|94.65|95.25|
| Random |88.9|89.375|89.75|91.65|92.6|92.65|93.15|93.525|93.775|94.05|
| BADGE |90.6|92.35|93.6|94.1|94.15|94.35|94.5|94.675|94.975|95.05|
---------------------------------------------------------------------


Unlabeled data Accuracy
---------------------------------------------------------------------
|Algo                            |0|28|56|84|112|140|168|196|224|252|
| One Step Taylor |88.0813953488372|89.86784140969164|92.7299703264095|93.96551724137932|94.73484848484848|94.7166921898928|94.81424148606811|95.1095461658842|95.33227848101266|95.56|
| Fac Loc Reg One Step |88.0813953488372|91.07929515418502|92.39614243323442|94.37781109445277|93.4090909090909|93.75957120980092|94.46594427244582|94.83568075117371|95.45094936708861|95.84|
| Rand Reg One Step |88.0813953488372|90.34862385321101|92.36471460340994|94.12205166604268|94.0998487140696|94.11539931218952|94.32432432432432|94.5376511900117|94.91324921135647|95.21721801514548|
| Facility Location |88.0813953488372|89.24375917767988|89.50296735905044|91.34182908545728|91.47727272727273|91.96018376722817|92.1439628482972|92.17527386541471|92.5632911392405|92.6|
| FASS |88.0813953488372|92.32745961820852|93.32344213649851|94.49025487256372|95.0|95.09954058192956|95.3560371517028|95.77464788732394|95.96518987341773|96.4|
| Random |88.0813953488372|89.02349486049927|89.09495548961425|90.70464767616193|91.32575757575758|91.53905053598776|92.22136222910217|92.6056338028169|92.84018987341773|93.2|
| BADGE |89.3538913362702|91.24629080118694|92.9160419790105|93.75|93.98928024502297|94.31114551083591|94.67918622848201|95.01582278481013|95.36|95.9546925566343|
---------------------------------------------------------------------
