=======================================
sklearn-digits_fraction:0.3_epochs:200_no of selection:10 2020-09-12 19:54:37.843193
sklearn-digits :Budget =  0.3
Validation Accuracy
---------------------------------------------------------------------
|Algo                            |32|64|96|128|160|192|224|256|288|320|
| One Step Taylor |63.75|55.0|70.0|70.0|70.0|83.75|81.25|78.75|81.25|81.25|
| Fac Loc Reg One Step |63.75|57.5|60.0|65.0|63.75|67.5|78.75|83.75|83.75|83.75|
| Rand Reg One Step |63.75|56.25|71.25|65.0|76.25|78.75|80.0|81.25|81.25|82.5|
| Facility Location |63.75|68.75|71.25|72.5|71.25|71.25|72.5|70.0|70.0|68.75|
| FASS |63.75|82.5|87.5|87.5|85.0|86.25|83.75|82.5|82.5|83.75|
| Random |63.75|80.0|82.5|85.0|86.25|86.25|85.0|83.75|85.0|83.75|
| BADGE |63.75|70.0|80.0|80.0|87.5|88.75|87.5|86.25|87.5|88.75|
---------------------------------------------------------------------


Test Accuracy
---------------------------------------------------------------------
|Algo                            |32|64|96|128|160|192|224|256|288|320|
| One Step Taylor |65.0|61.25|72.5|73.75|71.25|83.75|86.25|83.75|86.25|86.25|
| Fac Loc Reg One Step |65.0|60.0|58.75|62.5|63.75|71.25|77.5|81.25|83.75|82.5|
| Rand Reg One Step |65.0|62.5|72.5|67.5|75.0|85.0|85.0|81.25|83.75|86.25|
| Facility Location |65.0|70.0|68.75|71.25|68.75|68.75|71.25|71.25|71.25|71.25|
| FASS |65.0|85.0|87.5|86.25|88.75|90.0|90.0|83.75|85.0|85.0|
| Random |65.0|82.5|86.25|88.75|85.0|87.5|87.5|86.25|87.5|85.0|
| BADGE |65.0|75.0|80.0|82.5|85.0|92.5|91.25|92.5|88.75|91.25|
---------------------------------------------------------------------


Unlabeled data Accuracy
---------------------------------------------------------------------
|Algo                            |32|64|96|128|160|192|224|256|288|320|
| One Step Taylor |89.9209486166008|80.61224489795919|89.34599156118144|92.79475982532752|94.11764705882354|96.24413145539906|97.3170731707317|95.81218274111676|98.67724867724868|97.79005524861878|
| Fac Loc Reg One Step |89.9209486166008|78.36734693877551|78.90295358649789|85.1528384279476|89.25339366515837|90.49295774647888|94.7560975609756|95.81218274111676|95.8994708994709|97.37569060773481|
| Rand Reg One Step |89.9209486166008|79.40876656472987|84.73684210526316|87.59521218715996|93.35585585585585|93.58226371061843|95.52058111380146|96.35220125786164|98.03664921465969|98.22646657571623|
| Facility Location |89.9209486166008|92.14285714285714|92.40506329113924|92.24890829694323|92.76018099547511|92.72300469483568|93.78048780487805|93.4010152284264|92.85714285714286|92.95580110497238|
| FASS |89.9209486166008|92.65306122448979|95.25316455696202|96.5065502183406|97.17194570135747|97.65258215962442|97.8048780487805|97.46192893401015|97.88359788359789|97.51381215469613|
| Random |89.9209486166008|90.73319755600815|91.7016806722689|90.56399132321042|92.26457399103138|93.15545243619489|93.8701923076923|93.51620947630923|93.26424870466322|93.1266846361186|
| BADGE |89.9209486166008|93.57142857142857|95.14767932489451|97.37991266375546|98.07692307692308|99.06103286384976|99.63414634146342|99.74619289340102|99.73544973544973|99.86187845303867|
---------------------------------------------------------------------
