=======================================
mnist_fraction:0.1_epochs:200_no of selection:10 2020-09-09 11:34:29.675603
mnist :Budget =  0.1
Validation Accuracy
---------------------------------------------------------------------
|Algo                            |398|796|1194|1592|1990|2388|2786|3184|3582|3980|
| One Step Taylor |83.86666666666666|79.16666666666667|50.18333333333333|63.4|74.7|73.76666666666667|81.48333333333333|83.0|76.5|83.58333333333333|
| Fac Loc Reg One Step |83.86666666666666|77.55|82.71666666666667|78.43333333333334|84.16666666666667|86.11666666666666|85.21666666666667|84.5|82.2|86.65|
| Rand Reg One Step |83.86666666666666|74.85|79.78333333333333|83.43333333333334|84.96666666666667|80.65|85.48333333333333|83.43333333333334|86.96666666666667|86.21666666666667|
| Facility Location |83.86666666666666|80.95|85.01666666666667|85.05|84.76666666666667|83.86666666666666|85.23333333333333|84.75|85.1|85.26666666666667|
| FASS |83.86666666666666|88.9|88.76666666666667|90.98333333333333|91.41666666666667|90.88333333333334|89.63333333333334|91.61666666666666|91.66666666666667|90.6|
| Random |83.86666666666666|84.95|81.86666666666666|85.71666666666667|86.16666666666667|84.9|87.36666666666666|86.58333333333333|87.18333333333334|88.53333333333333|
| BADGE |82.65|90.8|92.31666666666666|92.58333333333333|94.65|93.73333333333333|94.26666666666667|93.71666666666667|95.26666666666667|94.9|
---------------------------------------------------------------------


Test Accuracy
---------------------------------------------------------------------
|Algo                            |398|796|1194|1592|1990|2388|2786|3184|3582|3980|
| One Step Taylor |84.45|79.42|51.73|65.16|75.81|75.64|81.84|84.2|77.09|84.11|
| Fac Loc Reg One Step |84.45|77.51|82.69|79.05|82.83|86.07|85.88|84.2|83.63|86.25|
| Rand Reg One Step |84.45|74.67|79.59|84.34|84.85|81.09|86.46|83.35|87.44|86.72|
| Facility Location |83.86666666666666|80.95|85.01666666666667|85.05|84.76666666666667|83.86666666666666|85.23333333333333|84.75|85.1|85.26666666666667|
| FASS |84.45|89.1|88.46|91.17|90.85|90.42|88.88|91.42|91.33|89.98|
| Random |84.45|85.54|82.79|85.7|87.08|85.77|88.28|87.6|87.54|89.37|
| BADGE |83.23|91.02|92.47|93.11|94.47|93.4|94.9|93.39|94.88|94.99|
---------------------------------------------------------------------


Unlabeled data Accuracy
---------------------------------------------------------------------
|Algo                            |398|796|1194|1592|1990|2388|2786|3184|3582|3980|
| One Step Taylor |88.39703191705631|82.5614827745546|60.83877995642702|77.16861470726977|82.34375|81.35806434345056|86.62482415323016|89.18394136629657|88.96261888962619|89.05786972323176|
| Fac Loc Reg One Step |88.39703191705631|83.56009652410536|84.72351903724453|88.01037790240579|87.1822033898305|91.7830951233874|91.77307650687155|89.72542799321775|87.08803362088034|92.73133911098687|
| Rand Reg One Step |88.39703191705631|81.08843537414965|87.12588827221329|88.07683236812453|90.14140451223388|88.76281210693928|92.38301325398972|89.74653432860306|91.96981424148606|92.44808407166215|
| Facility Location |88.39703191705631|89.09482979925039|89.17937545388526|89.50416688505688|89.42002118644068|89.86938600717306|89.66562060383076|90.32707980090795|89.61512939615129|88.83980989656136|
| FASS |88.39703191705631|89.9009087641834|91.82228446934329|92.08029770952356|93.27330508474576|92.2728975964884|94.01038848609458|94.69452496855001|94.40665781906658|94.6771037181996|
| Random |88.39703191705631|84.7261434217956|83.46987452037747|85.00078571054424|87.63230313293819|86.13443131383349|88.58208148708528|87.8952542187756|85.36652682711416|88.56090619943083|
| BADGE |81.99320920861162|90.59657168633937|92.24519940915805|92.82933903220882|94.39915400884445|94.14477253351933|95.15952669192018|94.1514483627204|95.70391526835654|96.17552978808476|
---------------------------------------------------------------------
