=======================================
svmguide1_fraction:0.3_epochs:200_no of selection:10 2020-09-12 20:28:26.305291
svmguide1 :Budget =  0.3
Validation Accuracy
---------------------------------------------------------------------
|Algo                            |84|168|252|336|420|504|588|672|756|840|
| One Step Taylor |90.9090909090909|94.94949494949495|95.45454545454545|96.96969696969697|96.96969696969697|97.97979797979798|97.97979797979798|96.96969696969697|96.46464646464646|97.47474747474747|
| Fac Loc Reg One Step |90.9090909090909|93.93939393939394|95.95959595959596|96.46464646464646|96.96969696969697|97.47474747474747|96.96969696969697|97.97979797979798|97.47474747474747|97.97979797979798|
| Rand Reg One Step |90.9090909090909|95.45454545454545|96.46464646464646|97.47474747474747|96.96969696969697|96.46464646464646|98.98989898989899|97.97979797979798|97.97979797979798|96.46464646464646|
| Facility Location |90.9090909090909|95.45454545454545|94.94949494949495|94.94949494949495|95.95959595959596|96.46464646464646|97.97979797979798|96.96969696969697|97.97979797979798|96.46464646464646|
| FASS |90.9090909090909|95.45454545454545|96.46464646464646|97.97979797979798|96.96969696969697|96.96969696969697|97.97979797979798|97.97979797979798|97.47474747474747|98.98989898989899|
| Random |90.9090909090909|94.94949494949495|95.45454545454545|94.44444444444444|95.45454545454545|96.96969696969697|96.46464646464646|96.96969696969697|96.46464646464646|98.48484848484848|
| BADGE |90.9090909090909|93.93939393939394|95.95959595959596|96.96969696969697|97.47474747474747|97.47474747474747|97.97979797979798|97.97979797979798|97.47474747474747|97.97979797979798|
---------------------------------------------------------------------


Test Accuracy
---------------------------------------------------------------------
|Algo                            |84|168|252|336|420|504|588|672|756|840|
| One Step Taylor |90.425|94.925|95.625|96.225|96.3|96.65|96.15|96.45|95.525|96.6|
| Fac Loc Reg One Step |90.425|94.85|95.45|95.925|96.25|96.15|95.825|96.425|95.975|95.825|
| Rand Reg One Step |90.425|94.95|95.875|95.95|96.275|96.275|96.3|96.85|95.8|95.8|
| Facility Location |90.425|95.025|95.6|94.775|96.025|96.05|96.3|95.825|96.45|96.625|
| FASS |90.425|95.075|95.725|96.05|96.25|96.2|96.425|96.05|96.375|96.325|
| Random |90.425|95.9|95.65|95.15|95.05|96.325|96.0|96.15|95.225|96.45|
| BADGE |90.425|94.025|95.575|96.1|96.3|96.6|96.725|96.575|96.7|96.85|
---------------------------------------------------------------------


Unlabeled data Accuracy
---------------------------------------------------------------------
|Algo                            |84|168|252|336|420|504|588|672|756|840|
| One Step Taylor |89.46587537091987|95.21439509954058|96.6376582278481|97.70867430441899|98.51694915254237|98.90158172231986|99.08759124087591|99.62049335863378|99.75296442687747|99.84536082474227|
| Fac Loc Reg One Step |89.46587537091987|95.29096477794793|96.20253164556962|97.50409165302783|98.22033898305085|98.76977152899825|99.13321167883211|99.38330170777989|99.55533596837945|99.5360824742268|
| Rand Reg One Step |89.46587537091987|95.10141599693839|96.32411067193677|97.13935431140172|98.39255499153977|98.99167032003507|99.22656960873522|99.38534278959811|99.45866141732283|99.53822473063109|
| Facility Location |89.46587537091987|94.29555895865238|95.13449367088607|94.02618657937806|95.76271186440678|96.35325131810194|96.30474452554745|95.54079696394687|96.19565217391305|95.9278350515464|
| FASS |89.46587537091987|95.06125574272588|96.4003164556962|96.89034369885434|97.16101694915254|97.23198594024605|97.21715328467154|97.15370018975332|97.18379446640316|97.52577319587628|
| Random |89.46587537091987|95.52067381316998|95.05537974683544|95.04909983633388|94.91525423728814|96.04569420035149|95.52919708029196|95.9203036053131|95.35573122529644|96.70103092783505|
| BADGE |89.46587537091987|93.9509954058193|96.24208860759494|97.25859247135843|97.96610169491525|98.3743409490334|98.76824817518248|99.24098671726755|99.45652173913044|99.84536082474227|
---------------------------------------------------------------------
