=======================================
mnist_fraction:0.1_epochs:200_no of selection:10 2020-09-11 10:29:45.130019
mnist :Budget =  0.1
Validation Accuracy
---------------------------------------------------------------------
|Algo                            |540|1080|1620|2160|2700|3240|3780|4320|4860|5400|
| One Step Taylor |88.15|92.08333333333333|93.45|94.11666666666666|94.1|95.05|95.53333333333333|95.05|94.98333333333333|95.3|
| Fac Loc Reg One Step |88.15|91.28333333333333|93.33333333333333|93.95|94.35|94.48333333333333|94.66666666666667|94.86666666666666|95.16666666666667|94.88333333333334|
| Rand Reg One Step |88.15|91.83333333333333|93.11666666666666|93.98333333333333|94.16666666666667|94.85|94.66666666666667|95.58333333333333|95.01666666666667|95.41666666666667|
| Facility Location |88.15|90.36666666666666|91.06666666666666|91.66666666666667|91.35|91.2|91.78333333333333|91.81666666666666|91.95|92.38333333333334|
| FASS |88.15|92.38333333333334|94.3|94.81666666666666|95.31666666666666|95.96666666666667|95.88333333333334|95.85|95.73333333333333|96.06666666666666|
| Random |88.15|90.85|91.21666666666667|91.81666666666666|91.98333333333333|92.16666666666667|92.71666666666667|92.71666666666667|92.53333333333333|92.81666666666666|
| BADGE |88.43333333333334|90.91666666666667|90.7|93.2|93.03333333333333|94.1|94.83333333333333|95.73333333333333|94.73333333333333|96.05|
---------------------------------------------------------------------


Test Accuracy
---------------------------------------------------------------------
|Algo                            |540|1080|1620|2160|2700|3240|3780|4320|4860|5400|
| One Step Taylor |88.3|92.28|93.48|93.87|94.18|94.98|95.03|95.49|95.34|95.0|
| Fac Loc Reg One Step |88.3|91.77|93.09|93.9|94.53|94.86|94.68|94.9|94.89|95.21|
| Rand Reg One Step |88.3|92.0|93.04|94.14|94.31|94.51|94.65|94.89|94.56|95.22|
| Facility Location |88.15|90.36666666666666|91.06666666666666|91.66666666666667|91.35|91.2|91.78333333333333|91.81666666666666|91.95|92.38333333333334|
| FASS |88.3|92.06|93.63|94.64|94.44|95.3|95.28|95.15|95.09|95.18|
| Random |88.3|91.47|91.23|91.9|91.98|91.71|92.15|92.61|92.86|93.05|
| BADGE |88.47|91.59|90.3|93.6|92.94|93.33|94.76|95.65|95.01|96.03|
---------------------------------------------------------------------


Unlabeled data Accuracy
---------------------------------------------------------------------
|Algo                            |540|1080|1620|2160|2700|3240|3780|4320|4860|5400|
| One Step Taylor |87.7085671530116|91.6761148904006|93.491790759832|94.07407407407408|94.59649122807018|95.60086682427108|96.13898845081641|96.7049114331723|96.7928367928368|96.94855967078189|
| Fac Loc Reg One Step |87.7085671530116|91.17157974300831|93.18823978617793|94.24382716049382|94.85575048732943|95.41765169424744|95.68100358422939|96.20370370370371|96.54660154660155|96.76337448559671|
| Rand Reg One Step |87.7085671530116|91.62509448223734|93.01450935471554|94.20717592592592|94.87329434697855|95.33096926713948|95.66507367582636|96.22785829307568|96.25356125356126|96.80246913580247|
| Facility Location |87.7085671530116|89.89984882842026|90.77892325315005|91.1863425925926|90.93957115009746|90.85894405043341|91.06133014735165|91.01449275362319|91.24338624338624|91.39300411522633|
| FASS |87.7085671530116|91.91232048374906|93.6483390607102|94.7434413580247|94.98440545808967|95.64814814814815|95.76662684189566|95.82528180354268|95.97680097680097|96.18312757201646|
| Random |87.7085671530116|90.84656084656085|91.02901870943109|91.66666666666667|91.78947368421052|91.81442080378251|92.21027479091995|92.56038647342996|92.56613756613757|92.62551440329219|
| BADGE |87.73101384212495|91.14701436130008|90.83428789614356|93.15393518518519|93.10916179337232|94.10362490149724|95.50975706889686|96.27616747181965|96.26373626373626|97.24897119341564|
---------------------------------------------------------------------
