=======================================
dna_fraction:0.2_epochs:200_no of selection:10 2020-09-12 20:02:56.931448
dna :Budget =  0.2
Validation Accuracy
---------------------------------------------------------------------
|Algo                            |28|56|84|112|140|168|196|224|252|280|
| One Step Taylor |55.666666666666664|77.83333333333333|83.66666666666667|87.16666666666667|87.16666666666667|87.16666666666667|87.5|88.83333333333333|90.5|92.66666666666667|
| Fac Loc Reg One Step |55.666666666666664|78.16666666666667|85.66666666666667|84.0|86.0|89.83333333333333|90.5|91.16666666666667|93.33333333333333|94.16666666666667|
| Rand Reg One Step |55.666666666666664|77.0|81.66666666666667|85.66666666666667|87.83333333333333|89.0|89.33333333333333|91.66666666666667|93.83333333333333|93.83333333333333|
| Facility Location |55.666666666666664|71.16666666666667|81.0|81.5|83.16666666666667|84.5|84.33333333333333|84.16666666666667|85.16666666666667|85.5|
| FASS |55.666666666666664|76.5|84.0|87.5|90.33333333333333|91.66666666666667|93.66666666666667|94.16666666666667|94.16666666666667|94.66666666666667|
| Random |55.666666666666664|74.83333333333333|81.5|83.83333333333333|85.16666666666667|85.66666666666667|87.33333333333333|86.83333333333333|88.16666666666667|88.83333333333333|
| BADGE |55.666666666666664|70.83333333333333|80.5|83.66666666666667|87.16666666666667|87.66666666666667|90.66666666666667|90.66666666666667|90.16666666666667|91.0|
---------------------------------------------------------------------


Test Accuracy
---------------------------------------------------------------------
|Algo                            |28|56|84|112|140|168|196|224|252|280|
| One Step Taylor |56.74536256323778|78.07757166947724|82.20910623946037|84.73861720067454|87.77403035413154|88.95446880269814|89.46037099494097|90.21922428330522|91.31534569983137|91.8212478920742|
| Fac Loc Reg One Step |56.74536256323778|78.58347386172007|83.55817875210792|83.55817875210792|85.66610455311972|88.44856661045532|89.79763912310287|89.96627318718382|89.7133220910624|90.80944350758853|
| Rand Reg One Step |56.74536256323778|78.66779089376054|82.88364249578414|86.59359190556492|87.09949409780776|87.43676222596964|87.35244519392917|89.03878583473862|90.893760539629|90.05059021922429|
| Facility Location |56.74536256323778|70.40472175379426|80.43844856661046|80.35413153456999|82.71500843170321|83.13659359190557|84.2327150084317|85.07588532883642|85.07588532883642|85.58178752107926|
| FASS |56.74536256323778|75.21079258010118|84.14839797639124|85.83473861720067|88.1956155143339|89.3760539629005|89.3760539629005|89.96627318718382|90.97807757166947|91.39966273187184|
| Random |56.74536256323778|75.80101180438449|81.19730185497471|82.1247892074199|83.13659359190557|84.06408094435076|84.73861720067454|85.24451939291737|86.59359190556492|86.84654300168634|
| BADGE |56.6610455311973|72.59696458684654|78.66779089376054|83.55817875210792|87.2681281618887|88.02698145025295|89.7133220910624|90.47217537942664|90.55649241146712|91.14671163575042|
---------------------------------------------------------------------


Unlabeled data Accuracy
---------------------------------------------------------------------
|Algo                            |28|56|84|112|140|168|196|224|252|280|
| One Step Taylor |54.373177842565596|77.75297619047619|84.34650455927051|87.88819875776397|89.04761904761905|91.15259740259741|91.86046511627907|93.19727891156462|93.90243902439025|94.91071428571429|
| Fac Loc Reg One Step |54.373177842565596|78.79464285714286|85.1823708206687|87.5776397515528|89.2063492063492|91.80194805194805|92.77408637873754|93.45238095238095|94.77351916376307|95.44642857142857|
| Rand Reg One Step |54.373177842565596|77.69516728624535|83.68740515933233|86.98683191324555|89.00316455696202|90.46079223928861|91.32231404958678|92.05409974640745|93.0795847750865|94.33126660761737|
| Facility Location |54.373177842565596|67.41071428571429|76.97568389057751|76.94099378881988|79.92063492063492|80.1948051948052|81.64451827242524|82.65306122448979|84.14634146341463|83.125|
| FASS |54.373177842565596|77.45535714285714|85.71428571428571|88.12111801242236|89.68253968253968|91.47727272727273|94.01993355481727|94.5578231292517|95.03484320557492|95.26785714285714|
| Random |54.373177842565596|75.24163568773234|82.3216995447648|84.1982958946553|83.38607594936708|84.1552142279709|84.95867768595042|84.95350803043111|86.50519031141869|86.18246235606732|
| BADGE |54.3002915451895|72.09821428571429|80.47112462006079|84.62732919254658|88.0952380952381|89.12337662337663|91.11295681063123|92.68707482993197|93.20557491289199|94.01785714285714|
---------------------------------------------------------------------
