=======================================
satimage_fraction:0.3_epochs:200_no of selection:10 2020-09-12 20:16:26.745949
satimage :Budget =  0.3
Validation Accuracy
---------------------------------------------------------------------
|Algo                            |94|188|282|376|470|564|658|752|846|940|
| One Step Taylor |81.51765589782119|73.02779864763336|83.77160030052592|84.5229151014275|84.14725770097671|83.92186326070623|84.44778362133734|84.5229151014275|83.84673178061608|83.69646882043577|
| Fac Loc Reg One Step |81.51765589782119|68.74530428249436|82.1938392186326|82.94515401953419|83.54620586025544|82.64462809917356|84.82344102178813|84.29752066115702|84.14725770097671|83.84673178061608|
| Rand Reg One Step |81.51765589782119|77.00976709241172|82.11870773854245|83.69646882043577|83.9969947407964|84.74830954169798|84.74830954169798|84.82344102178813|85.27422990232908|84.74830954169798|
| Facility Location |81.51765589782119|82.71975957926371|83.92186326070623|83.54620586025544|83.9969947407964|83.6213373403456|84.07212622088655|83.54620586025544|84.29752066115702|85.4244928625094|
| FASS |81.51765589782119|81.74305033809166|79.18858001502629|85.19909842223892|85.27422990232908|84.97370398196844|84.67317806160781|84.89857250187829|85.80015026296019|85.87528174305034|
| Random |81.51765589782119|82.41923365890308|81.6679188580015|83.69646882043577|83.02028549962434|82.5694966190834|83.6213373403456|83.24567993989481|83.9969947407964|83.39594290007513|
| BADGE |81.44252441773104|83.24567993989481|81.89331329827198|79.26371149511645|80.7663410969196|82.49436513899323|83.6213373403456|83.17054845980466|82.11870773854245|80.84147257700977|
---------------------------------------------------------------------


Test Accuracy
---------------------------------------------------------------------
|Algo                            |94|188|282|376|470|564|658|752|846|940|
| One Step Taylor |81.15|63.8|80.1|82.05|82.4|82.35|83.1|82.75|82.0|82.4|
| Fac Loc Reg One Step |81.15|60.25|79.0|81.25|81.3|81.85|81.65|82.65|82.95|82.1|
| Rand Reg One Step |81.15|72.0|79.9|81.5|83.15|82.95|83.4|83.55|84.0|83.0|
| Facility Location |81.15|80.7|82.75|82.35|81.75|81.3|81.85|82.5|82.25|82.7|
| FASS |81.15|78.1|73.6|82.9|83.45|82.9|83.6|83.45|82.8|83.8|
| Random |81.15|79.75|79.55|81.9|82.25|81.6|81.2|81.0|81.85|81.85|
| BADGE |81.15|82.3|84.25|83.75|83.95|85.35|85.8|85.65|85.55|85.3|
---------------------------------------------------------------------


Unlabeled data Accuracy
---------------------------------------------------------------------
|Algo                            |94|188|282|376|470|564|658|752|846|940|
| One Step Taylor |83.52159468438538|59.3278463648834|81.57335223245924|84.75073313782991|84.62414578587699|85.15748031496064|86.09975470155355|86.86224489795919|85.47387068201948|86.41404805914972|
| Fac Loc Reg One Step |83.52159468438538|55.31550068587106|80.33309709425939|83.46774193548387|82.6879271070615|84.09448818897638|83.36058871627147|86.09693877551021|85.91674047829937|85.81330868761553|
| Rand Reg One Step |83.52159468438538|69.28351045594789|82.04674220963173|84.51116807030392|85.06444275966642|85.34381139489194|86.21533442088091|86.30775752437474|87.59929390997353|87.52876208007363|
| Facility Location |83.52159468438538|82.23593964334705|84.6917080085046|83.94428152492668|84.47228549734244|82.8740157480315|84.38266557645134|85.16156462585035|84.1452612931798|85.30499075785582|
| FASS |83.52159468438538|78.18930041152264|74.94684620836286|85.81378299120234|87.77524677296887|88.07086614173228|89.57481602616517|90.43367346938776|91.40832595217006|93.29944547134936|
| Random |83.52159468438538|82.15753424657534|81.02473498233215|84.1970802919708|84.45283018867924|83.5546875|84.41295546558705|83.36134453781513|86.11353711790393|84.0909090909091|
| BADGE |83.45514950166113|85.25377229080932|87.49114103472715|88.23313782991202|89.33181473044799|90.43307086614173|91.33278822567458|92.04931972789116|92.60407440212578|93.20702402957487|
---------------------------------------------------------------------
