=======================================
sklearn-digits_fraction:0.2_epochs:200_no of selection:10 2020-09-12 19:52:45.300328
sklearn-digits :Budget =  0.2
Validation Accuracy
---------------------------------------------------------------------
|Algo                            |21|42|63|84|105|126|147|168|189|210|
| One Step Taylor |61.25|51.25|65.0|61.25|62.5|70.0|70.0|82.5|81.25|85.0|
| Fac Loc Reg One Step |61.25|56.25|56.25|58.75|67.5|71.25|71.25|76.25|77.5|80.0|
| Rand Reg One Step |61.25|48.75|58.75|68.75|71.25|72.5|76.25|85.0|82.5|86.25|
| Facility Location |61.25|63.75|62.5|66.25|67.5|70.0|71.25|71.25|72.5|72.5|
| FASS |61.25|71.25|77.5|82.5|82.5|85.0|82.5|85.0|83.75|86.25|
| Random |61.25|77.5|77.5|80.0|85.0|85.0|88.75|86.25|85.0|85.0|
| BADGE |61.25|72.5|80.0|76.25|77.5|81.25|80.0|85.0|86.25|87.5|
---------------------------------------------------------------------


Test Accuracy
---------------------------------------------------------------------
|Algo                            |21|42|63|84|105|126|147|168|189|210|
| One Step Taylor |56.25|52.5|63.75|61.25|66.25|75.0|77.5|88.75|85.0|90.0|
| Fac Loc Reg One Step |56.25|60.0|57.5|55.0|66.25|77.5|73.75|82.5|77.5|83.75|
| Rand Reg One Step |56.25|51.25|58.75|70.0|75.0|71.25|85.0|82.5|82.5|87.5|
| Facility Location |56.25|66.25|67.5|70.0|68.75|70.0|70.0|70.0|70.0|70.0|
| FASS |56.25|77.5|81.25|86.25|86.25|95.0|95.0|91.25|92.5|92.5|
| Random |56.25|73.75|80.0|86.25|88.75|88.75|90.0|88.75|88.75|88.75|
| BADGE |56.25|71.25|75.0|71.25|77.5|81.25|78.75|86.25|90.0|88.75|
---------------------------------------------------------------------


Unlabeled data Accuracy
---------------------------------------------------------------------
|Algo                            |21|42|63|84|105|126|147|168|189|210|
| One Step Taylor |84.06647116324535|71.8562874251497|83.99592252803262|87.1875|90.84132055378062|91.83006535947712|93.42251950947603|94.86301369863014|96.84210526315789|97.60191846522781|
| Fac Loc Reg One Step |84.06647116324535|80.53892215568862|76.75840978593273|82.1875|89.66986155484558|90.30501089324619|92.53065774804905|89.04109589041096|94.97076023391813|95.80335731414868|
| Rand Reg One Step |84.06647116324535|71.88434695912264|77.51780264496439|87.01973001038422|87.8048780487805|94.2578548212351|94.24141749723145|95.92298980747452|96.75550405561994|97.50889679715303|
| Facility Location |84.06647116324535|89.32135728542914|89.90825688073394|90.625|89.98935037273695|92.0479302832244|92.08472686733556|92.35159817351598|91.9298245614035|91.72661870503597|
| FASS |84.06647116324535|85.12974051896208|93.17023445463812|94.89583333333333|96.27263045793397|97.60348583877996|97.43589743589743|98.40182648401826|98.59649122807018|99.16067146282974|
| Random |84.06647116324535|88.93320039880359|89.52187182095625|88.5773624091381|92.57688229056204|90.68255687973998|92.35880398671097|91.73272933182334|94.66975666280418|95.61091340450771|
| BADGE |83.77321603128054|91.31736526946108|94.4954128440367|96.35416666666667|97.76357827476038|98.36601307189542|98.88517279821627|99.08675799086758|99.29824561403508|99.40047961630695|
---------------------------------------------------------------------
