=======================================
sklearn-digits_fraction:0.1_epochs:200_no of selection:10 2020-09-08 23:05:03.203922
sklearn-digits :Budget =  0.1
Validation Accuracy
---------------------------------------------------------------------
|Algo                            |15|30|45|60|75|90|105|120|135|150|
| One Step Taylor |14.197530864197532|14.197530864197532|28.395061728395063|23.45679012345679|25.308641975308642|39.50617283950617|23.45679012345679|25.925925925925927|26.54320987654321|18.51851851851852|
| Fac Loc Reg One Step |14.197530864197532|13.580246913580247|18.51851851851852|21.604938271604937|35.18518518518518|28.395061728395063|32.71604938271605|9.876543209876543|22.839506172839506|32.71604938271605|
| Rand Reg One Step |14.197530864197532|17.28395061728395|20.37037037037037|29.62962962962963|20.987654320987655|22.22222222222222|19.753086419753085|21.604938271604937|25.308641975308642|28.395061728395063|
| Facility Location |14.197530864197532|31.48148148148148|48.76543209876543|35.80246913580247|37.03703703703704|38.27160493827161|29.012345679012345|30.246913580246915|33.333333333333336|43.20987654320987|
| FASS |14.197530864197532|37.03703703703704|27.160493827160494|35.80246913580247|16.666666666666668|27.160493827160494|37.65432098765432|30.864197530864196|37.65432098765432|31.48148148148148|
| Random |14.197530864197532|29.62962962962963|29.62962962962963|20.987654320987655|25.308641975308642|21.604938271604937|19.753086419753085|25.308641975308642|24.074074074074073|30.864197530864196|
| BADGE |45.67901234567901|67.90123456790124|72.8395061728395|79.62962962962963|86.41975308641975|87.03703703703704|88.88888888888889|88.88888888888889|89.50617283950618|88.27160493827161|
---------------------------------------------------------------------


Test Accuracy
---------------------------------------------------------------------
|Algo                            |15|30|45|60|75|90|105|120|135|150|
| One Step Taylor |18.333333333333332|16.11111111111111|35.0|28.88888888888889|24.444444444444443|41.666666666666664|27.77777777777778|21.11111111111111|27.77777777777778|22.77777777777778|
| Fac Loc Reg One Step |18.333333333333332|13.88888888888889|19.444444444444443|18.88888888888889|30.0|27.22222222222222|33.888888888888886|12.222222222222221|23.333333333333332|31.666666666666668|
| Rand Reg One Step |18.333333333333332|19.444444444444443|18.88888888888889|25.555555555555557|30.555555555555557|31.11111111111111|18.333333333333332|16.11111111111111|26.666666666666668|23.333333333333332|
| Facility Location |14.197530864197532|31.48148148148148|48.76543209876543|35.80246913580247|37.03703703703704|38.27160493827161|29.012345679012345|30.246913580246915|33.333333333333336|43.20987654320987|
| FASS |18.333333333333332|35.55555555555556|30.555555555555557|31.11111111111111|23.333333333333332|18.88888888888889|36.666666666666664|33.888888888888886|30.0|22.22222222222222|
| Random |18.333333333333332|26.666666666666668|28.333333333333332|23.88888888888889|30.555555555555557|25.0|26.11111111111111|27.22222222222222|17.22222222222222|31.666666666666668|
| BADGE |44.44444444444444|68.33333333333333|75.0|81.66666666666667|88.88888888888889|92.22222222222223|92.22222222222223|94.44444444444444|94.44444444444444|95.55555555555556|
---------------------------------------------------------------------


Unlabeled data Accuracy
---------------------------------------------------------------------
|Algo                            |15|30|45|60|75|90|105|120|135|150|
| One Step Taylor |17.77777777777778|14.87719298245614|31.914893617021278|21.57706093189964|19.27536231884058|39.633699633699635|20.814814814814813|25.617977528089888|32.95454545454545|14.406130268199234|
| Fac Loc Reg One Step |17.77777777777778|14.456140350877194|21.843971631205672|21.93548387096774|27.17391304347826|28.424908424908423|27.703703703703702|11.835205992509364|21.28787878787879|33.793103448275865|
| Rand Reg One Step |17.77777777777778|17.601683029453014|24.008498583569406|30.972818311874107|33.164739884393065|26.277372262773724|19.542772861356934|18.47988077496274|21.15963855421687|22.754946727549466|
| Facility Location |17.77777777777778|25.75438596491228|35.60283687943262|34.33691756272401|42.028985507246375|36.043956043956044|36.592592592592595|29.51310861423221|30.0|38.00766283524904|
| FASS |17.77777777777778|36.70175438596491|28.368794326241133|35.98566308243728|18.6231884057971|23.882783882783883|32.74074074074074|26.89138576779026|28.484848484848484|21.379310344827587|
| Random |17.77777777777778|22.377622377622377|28.309859154929576|20.56737588652482|30.5|24.74820143884892|25.507246376811594|23.722627737226276|21.83823529411765|28.814814814814813|
| BADGE |48.611111111111114|69.19298245614036|73.33333333333333|82.00716845878136|88.6231884057971|90.6959706959707|92.66666666666667|93.18352059925094|94.31818181818181|94.71264367816092|
---------------------------------------------------------------------
