=======================================
satimage_fraction:0.4_epochs:200_no of selection:10 2020-09-12 20:18:04.720667
satimage :Budget =  0.4
Validation Accuracy
---------------------------------------------------------------------
|Algo                            |95|190|285|380|475|570|665|760|855|950|
| One Step Taylor |58.24561403508772|66.84210526315789|73.85964912280701|72.28070175438596|72.98245614035088|73.6842105263158|75.96491228070175|75.96491228070175|76.14035087719299|78.94736842105263|
| Fac Loc Reg One Step |58.24561403508772|66.84210526315789|64.56140350877193|71.9298245614035|75.08771929824562|77.01754385964912|76.3157894736842|73.15789473684211|75.96491228070175|71.40350877192982|
| Rand Reg One Step |58.24561403508772|78.7719298245614|73.33333333333333|76.66666666666667|77.36842105263158|70.35087719298245|68.42105263157895|80.0|76.66666666666667|80.52631578947368|
| Facility Location |58.24561403508772|79.64912280701755|74.91228070175438|77.54385964912281|75.96491228070175|73.50877192982456|77.19298245614036|77.54385964912281|79.82456140350877|80.35087719298245|
| FASS |58.24561403508772|80.35087719298245|77.71929824561404|79.29824561403508|67.54385964912281|77.89473684210526|77.71929824561404|78.42105263157895|81.40350877192982|81.05263157894737|
| Random |58.24561403508772|80.87719298245614|80.35087719298245|71.40350877192982|64.91228070175438|67.54385964912281|67.54385964912281|66.3157894736842|68.0701754385965|68.42105263157895|
| BADGE |58.24561403508772|61.40350877192982|63.50877192982456|74.21052631578948|75.43859649122807|70.52631578947368|77.36842105263158|78.59649122807018|74.03508771929825|77.89473684210526|
---------------------------------------------------------------------


Test Accuracy
---------------------------------------------------------------------
|Algo                            |95|190|285|380|475|570|665|760|855|950|
| One Step Taylor |57.97788309636651|67.69352290679305|75.5134281200632|73.69668246445498|72.90679304897314|73.77567140600316|77.09320695102686|76.77725118483413|76.69826224328594|82.14849921011059|
| Fac Loc Reg One Step |57.97788309636651|67.9304897314376|65.40284360189574|74.01263823064771|77.01421800947867|79.14691943127963|76.06635071090048|75.5134281200632|76.14533965244865|71.40600315955766|
| Rand Reg One Step |57.97788309636651|79.30489731437599|76.54028436018957|75.11848341232228|78.04107424960506|71.95892575039494|69.11532385466035|78.51500789889415|77.96208530805687|82.78041074249604|
| Facility Location |57.97788309636651|79.54186413902053|76.22432859399684|78.2780410742496|77.8041074249605|75.03949447077409|81.27962085308057|77.33017377567141|82.0695102685624|80.80568720379146|
| FASS |57.97788309636651|80.09478672985782|79.62085308056872|79.46287519747236|68.24644549763033|78.43601895734596|78.83096366508688|79.2259083728278|84.04423380726698|82.22748815165876|
| Random |57.97788309636651|80.56872037914692|81.27962085308057|73.45971563981043|66.74565560821485|68.08846761453397|68.16745655608214|66.82464454976304|66.74565560821485|68.00947867298578|
| BADGE |57.97788309636651|61.532385466034754|63.03317535545024|75.75039494470774|76.69826224328594|72.1958925750395|78.75197472353871|80.01579778830964|74.96050552922591|78.35703001579779|
---------------------------------------------------------------------


Unlabeled data Accuracy
---------------------------------------------------------------------
|Algo                            |95|190|285|380|475|570|665|760|855|950|
| One Step Taylor |79.57465662383696|49.49121184088807|77.11659409772618|84.43204868154159|85.24240809802878|86.53198653198653|89.330171902786|91.52010050251256|92.45156980627922|93.43794579172611|
| Fac Loc Reg One Step |79.57465662383696|49.629972247918595|49.83067247218191|60.294117647058826|83.43100692594565|87.48597081930416|84.88441019561351|89.94974874371859|91.78356713426854|90.51355206847362|
| Rand Reg One Step |79.57465662383696|80.2588996763754|82.64862252295795|83.74683544303798|86.65603402445508|86.51371012870733|90.0177200236267|90.74421513445904|91.56146179401993|93.33805811481218|
| Facility Location |79.57465662383696|82.70120259019427|82.68021286889211|83.36713995943205|84.81619605753862|83.61391694725027|85.83283935981031|85.11306532663316|86.03874415497663|85.66333808844507|
| FASS |79.57465662383696|82.79370952821462|85.48621190130623|87.06896551724138|88.86521044219499|89.95510662177328|90.63426200355661|91.7713567839196|92.78557114228457|93.79457917261055|
| Random |79.57465662383696|83.06414397784957|83.63023591718826|84.65022647206844|84.13284132841328|85.27946873270615|83.45952242283052|83.9582052858021|85.29603122966819|85.2107809260539|
| BADGE |79.441736818786|81.6836262719704|82.05128205128206|85.9026369168357|88.17261587639851|84.5679012345679|88.44101956135151|89.6356783919598|88.30995323981296|90.87018544935806|
---------------------------------------------------------------------
