=======================================
letter_fraction:0.1_epochs:200_no of selection:10 2020-09-12 17:20:09.478973
letter :Budget =  0.1
Validation Accuracy
---------------------------------------------------------------------
|Algo                            |79|158|237|316|395|474|553|632|711|790|
| One Step Taylor |18.998451213216313|26.277749096541044|29.14300464636035|27.516778523489933|33.427981414558595|36.267423851316465|36.293236964377904|37.66133195663397|40.474961280330405|43.23696437790397|
| Fac Loc Reg One Step |18.998451213216313|26.277749096541044|32.292204439855446|26.690758905524007|32.78265358802272|36.99019101703666|37.790397521941145|37.04181724315953|40.44914816726897|42.049561177077955|
| Rand Reg One Step |18.998451213216313|27.026329375322664|27.878162106350025|30.97573567372225|39.82963345379453|44.65668559628291|43.1078988125968|44.966442953020135|46.463603510583376|45.66339700567889|
| Facility Location |18.998451213216313|34.64119772844605|40.578213732576145|42.46257098606092|44.39855446566856|48.1672689726381|47.754259163655135|50.64532782653588|50.05162622612287|51.36809499225607|
| FASS |18.998451213216313|15.384615384615385|25.55498193082086|30.949922560660816|33.84099122354156|40.50077439339184|40.552400619514714|43.31440371708828|48.65771812080537|51.29065565307176|
| Random |18.998451213216313|30.536912751677853|43.9855446566856|49.71605575632421|54.59473412493547|56.711409395973156|58.59576664945792|64.01652039235933|63.86164171399071|64.09395973154362|
| BADGE |14.119772844605059|2.6071244192049563|36.164171399070725|41.58492514197212|44.70831182240578|48.76097057305111|49.044914816726894|47.41868869385648|48.11564274651523|45.79246257098606|
---------------------------------------------------------------------


Test Accuracy
---------------------------------------------------------------------
|Algo                            |79|158|237|316|395|474|553|632|711|790|
| One Step Taylor |18.424689083371717|27.222478120681714|28.258866881621373|27.79824965453708|33.0262551819438|36.29663749424228|36.38876093965914|37.70152003684938|40.78765545831414|42.86043298019346|
| Fac Loc Reg One Step |18.424689083371717|26.90004606172271|32.05895900506679|26.37033625057577|32.24320589590051|37.05665591893137|37.24090280976508|36.87240902809765|39.45186549976969|42.19253800092123|
| Rand Reg One Step |18.424689083371717|27.70612620912022|27.590971902349146|30.72316904652234|38.484569322892675|44.72593274988485|42.67618608935974|43.91985260248733|46.40718562874252|46.17687701520037|
| Facility Location |18.424689083371717|34.4311377245509|39.7742975587287|40.58037770612621|43.59742054352833|47.58175955780746|47.09811146936895|49.14785812989406|48.479963150621835|50.921234454168584|
| FASS |18.424689083371717|15.476738830032243|25.26485490557347|29.0879778903731|32.88807001381851|41.0409949332105|41.01796407185629|43.50529709811147|47.85812989405804|50.99032703823123|
| Random |18.424689083371717|30.37770612620912|43.91985260248733|49.58544449562414|55.38922155688623|56.17227084292953|60.0644864117918|64.55550437586366|63.864578535237214|64.3021649009673|
| BADGE |13.910640257945648|2.556425610317826|37.540304007369876|42.65315522800553|46.06172270842929|48.94058037770613|49.3781667434362|47.351450944265316|48.04237678489176|45.900506678949796|
---------------------------------------------------------------------


Unlabeled data Accuracy
---------------------------------------------------------------------
|Algo                            |79|158|237|316|395|474|553|632|711|790|
| One Step Taylor |24.26885582349923|31.07425165219645|36.21366849960723|36.43339066014023|40.481283422459896|41.467369274422374|44.37312209778749|46.016843849233744|48.26912339475154|50.91037402964008|
| Fac Loc Reg One Step |24.26885582349923|30.542957107684334|40.35087719298246|33.271596772059794|41.43048128342246|47.493581948385355|49.05763452608577|46.55529476736159|50.69793411501954|54.38249823570924|
| Rand Reg One Step |24.26885582349923|31.731018398548848|35.81151832460733|37.83390637397514|49.652592196686264|54.7529030515798|53.82096069868996|53.779310344827586|58.505298382598994|57.35833098393008|
| Facility Location |24.26885582349923|41.3113904366982|51.19141136423148|53.61820346606694|57.44652406417112|62.45102013241454|61.73176727670035|62.36366146624327|63.372417643774426|65.82921665490473|
| FASS |24.26885582349923|15.692626668394453|26.931133804660906|34.568064558804075|39.893048128342244|48.169166328874475|50.7511608850041|52.46444843296976|59.56169737576773|59.28016937191249|
| Random |24.26885582349923|34.55558434827675|46.93717277486911|52.64480296217932|57.37573490112239|56.34620577909803|60.125545851528386|63.44827586206897|64.82152816508645|65.46377220186072|
| BADGE |18.347680842862648|2.9205607476635516|47.855737704918035|55.618870924993374|59.64912280701754|59.894423389279915|58.94103160487071|53.22268326417704|54.14627324849671|51.286764705882355|
---------------------------------------------------------------------
