=======================================
usps_fraction:0.4_epochs:200_no of selection:10 2020-09-12 20:04:41.358350
usps :Budget =  0.4
Validation Accuracy
---------------------------------------------------------------------
|Algo                            |263|526|789|1052|1315|1578|1841|2104|2367|2630|
| One Step Taylor |91.5068493150685|96.16438356164383|95.75342465753425|96.3013698630137|96.43835616438356|96.3013698630137|96.57534246575342|96.16438356164383|97.12328767123287|97.12328767123287|
| Fac Loc Reg One Step |91.5068493150685|95.75342465753425|95.75342465753425|95.89041095890411|96.57534246575342|97.12328767123287|96.84931506849315|97.12328767123287|97.12328767123287|96.84931506849315|
| Rand Reg One Step |91.5068493150685|95.75342465753425|96.98630136986301|96.43835616438356|97.12328767123287|96.57534246575342|97.12328767123287|97.26027397260275|96.98630136986301|96.84931506849315|
| Facility Location |91.5068493150685|93.97260273972603|94.79452054794521|94.93150684931507|94.52054794520548|94.93150684931507|95.20547945205479|95.06849315068493|94.24657534246575|95.47945205479452|
| FASS |91.5068493150685|96.3013698630137|96.43835616438356|96.71232876712328|97.8082191780822|97.12328767123287|96.71232876712328|96.57534246575342|96.84931506849315|96.57534246575342|
| Random |91.5068493150685|94.24657534246575|94.10958904109589|94.24657534246575|94.65753424657534|94.24657534246575|95.89041095890411|95.47945205479452|96.02739726027397|96.02739726027397|
| BADGE |91.5068493150685|95.06849315068493|96.3013698630137|97.26027397260275|97.3972602739726|97.8082191780822|97.8082191780822|97.94520547945206|97.8082191780822|97.53424657534246|
---------------------------------------------------------------------


Test Accuracy
---------------------------------------------------------------------
|Algo                            |263|526|789|1052|1315|1578|1841|2104|2367|2630|
| One Step Taylor |87.14499252615845|90.3836571998007|91.28051818634778|92.07772795216741|91.92825112107623|91.82859990034878|92.12755356253115|91.57947184853015|92.17737917289487|91.8784255107125|
| Fac Loc Reg One Step |87.14499252615845|90.5829596412556|90.68261086198306|90.98156452416542|91.72894867962133|92.67563527653213|92.17737917289487|92.47633283507723|92.12755356253115|91.97807673143996|
| Rand Reg One Step |87.14499252615845|91.4798206278027|91.42999501743897|91.52964623816642|92.92476332835078|91.92825112107623|92.72546088689586|92.2272047832586|92.37668161434978|92.62580966616841|
| Facility Location |87.14499252615845|89.18784255107126|89.73592426507224|90.28400597907324|90.73243647234679|91.23069257598405|91.1310413552566|90.78226208271052|91.08121574489287|90.63278525161934|
| FASS |87.14499252615845|90.88191330343797|90.83208769307424|91.03139013452915|91.57947184853015|91.42999501743897|91.52964623816642|91.72894867962133|91.6791230692576|91.62929745889387|
| Random |87.14499252615845|89.28749377179871|90.08470353761834|90.23418036870952|89.93522670652716|90.18435475834579|91.03139013452915|91.08121574489287|91.03139013452915|91.52964623816642|
| BADGE |87.14499252615845|90.63278525161934|92.32685600398605|92.87493771798705|93.17389138016941|93.52267065271549|93.22371699053313|93.37319382162431|93.47284504235176|93.37319382162431|
---------------------------------------------------------------------


Unlabeled data Accuracy
---------------------------------------------------------------------
|Algo                            |263|526|789|1052|1315|1578|1841|2104|2367|2630|
| One Step Taylor |91.80692283264528|94.06793703396852|95.89397089397089|97.20457433290979|97.9222264582539|98.45474613686534|98.94067796610169|99.01278887143819|99.07010014306151|99.1859577715594|
| Fac Loc Reg One Step |91.80692283264528|94.7970173985087|96.20582120582121|97.56761662733709|98.20815859702631|98.67549668874172|98.79237288135593|98.9230424052053|99.02241297091082|99.08420249300433|
| Rand Reg One Step |91.80692283264528|95.02982107355865|96.62279182542431|97.33309143686502|97.73333333333333|98.43624699278269|98.77274650867541|98.9247311827957|99.04807234650167|98.98477157360406|
| Facility Location |91.80692283264528|92.89146644573323|93.26056826056826|93.66491196224361|93.67136866183759|93.9594621713827|94.08898305084746|93.44850796499888|93.72913686218408|93.79292800814042|
| FASS |91.80692283264528|94.36619718309859|95.28759528759528|95.69794881103648|95.9778879146016|95.96628537025887|96.27118644067797|96.25308503477676|96.61421077730091|96.87102518443145|
| Random |91.80692283264528|93.176548526002|93.47525095188647|93.83834722725625|93.85697984024344|93.8375350140056|94.78682988602786|94.64046449307726|95.2584163110479|95.32592218292066|
| BADGE |91.7910447761194|94.64788732394366|96.63894663894663|97.96696315120711|98.9897064430042|99.45815773630343|99.63983050847457|99.68588736818488|99.76156413924654|99.79648944288985|
---------------------------------------------------------------------
