=======================================
usps_fraction:0.3_epochs:200_no of selection:10 2020-09-12 19:57:39.398847
usps :Budget =  0.3
Validation Accuracy
---------------------------------------------------------------------
|Algo                            |134|268|402|536|670|804|938|1072|1206|1340|
| One Step Taylor |70.94339622641509|72.26415094339623|77.35849056603773|91.32075471698113|91.13207547169812|90.56603773584905|90.75471698113208|92.45283018867924|85.66037735849056|85.09433962264151|
| Fac Loc Reg One Step |70.94339622641509|73.77358490566037|82.64150943396227|88.67924528301887|91.32075471698113|90.56603773584905|91.69811320754717|89.05660377358491|89.81132075471699|89.05660377358491|
| Rand Reg One Step |70.94339622641509|76.22641509433963|81.13207547169812|90.0|93.01886792452831|91.32075471698113|91.88679245283019|88.11320754716981|87.16981132075472|86.41509433962264|
| Facility Location |70.94339622641509|73.77358490566037|78.49056603773585|82.45283018867924|79.43396226415095|79.62264150943396|78.11320754716981|85.47169811320755|83.58490566037736|82.0754716981132|
| FASS |70.94339622641509|91.88679245283019|93.58490566037736|93.20754716981132|93.01886792452831|92.26415094339623|91.50943396226415|92.83018867924528|91.13207547169812|88.67924528301887|
| Random |70.94339622641509|88.30188679245283|90.94339622641509|90.18867924528301|93.01886792452831|84.33962264150944|80.37735849056604|79.81132075471699|76.60377358490567|77.54716981132076|
| BADGE |62.264150943396224|74.90566037735849|90.0|91.13207547169812|92.0754716981132|91.13207547169812|92.64150943396227|90.94339622641509|93.77358490566037|92.0754716981132|
---------------------------------------------------------------------


Test Accuracy
---------------------------------------------------------------------
|Algo                            |134|268|402|536|670|804|938|1072|1206|1340|
| One Step Taylor |67.68707482993197|70.27210884353741|75.23809523809524|84.421768707483|87.14285714285714|86.05442176870748|86.05442176870748|85.78231292517007|81.49659863945578|81.56462585034014|
| Fac Loc Reg One Step |67.68707482993197|70.27210884353741|77.55102040816327|83.5374149659864|86.3265306122449|86.19047619047619|87.27891156462584|85.71428571428571|85.64625850340136|84.421768707483|
| Rand Reg One Step |67.68707482993197|73.87755102040816|76.4625850340136|84.28571428571429|87.89115646258503|84.96598639455782|86.25850340136054|82.92517006802721|82.72108843537416|81.9047619047619|
| Facility Location |67.68707482993197|71.36054421768708|75.85034013605443|79.25170068027211|77.14285714285714|76.66666666666667|75.578231292517|81.0204081632653|79.38775510204081|79.38775510204081|
| FASS |67.68707482993197|85.85034013605443|87.14285714285714|87.48299319727892|87.55102040816327|87.68707482993197|87.14285714285714|86.05442176870748|84.28571428571429|83.06122448979592|
| Random |67.68707482993197|84.421768707483|86.93877551020408|88.2312925170068|88.70748299319727|79.93197278911565|77.48299319727892|76.66666666666667|74.01360544217687|74.28571428571429|
| BADGE |58.02721088435374|68.9795918367347|83.80952380952381|86.59863945578232|87.68707482993197|86.19047619047619|87.95918367346938|87.48299319727892|89.65986394557824|89.25170068027211|
---------------------------------------------------------------------


Unlabeled data Accuracy
---------------------------------------------------------------------
|Algo                            |134|268|402|536|670|804|938|1072|1206|1340|
| One Step Taylor |90.68150208623088|90.0|91.99209095402867|94.19734151329243|96.45314981471678|94.97804610318332|97.57834757834758|97.92654028436019|98.7661937075879|99.03474903474904|
| Fac Loc Reg One Step |90.68150208623088|89.88038277511961|92.6099851705388|93.5838445807771|96.29433562731604|96.8715697036224|97.37891737891738|98.60781990521328|98.7661937075879|99.09909909909909|
| Rand Reg One Step |90.68150208623088|91.27003109303995|90.8596837944664|93.9463601532567|95.87519830777366|97.20471362016991|97.24118316268486|98.40378362400236|98.61538461538461|98.8771254411293|
| Facility Location |90.68150208623088|89.88038277511961|91.2011863568957|90.97648261758691|91.42403388035999|91.76728869374314|91.56695156695157|91.91350710900474|91.48673658235657|91.40926640926641|
| FASS |90.68150208623088|93.34928229665071|94.29065743944636|94.70858895705521|95.5796717840127|95.47200878155873|95.6980056980057|96.50473933649289|96.60703269586675|97.00772200772201|
| Random |90.68150208623088|88.52772466539197|91.44055254070054|91.48827726809378|92.83078545071164|95.22379912663756|95.33106960950764|95.50528789659225|94.96029321930361|95.26081424936386|
| BADGE |83.88200085506627|92.6056338028169|96.3265306122449|97.80168381665108|98.64799613713183|97.50499001996008|97.6510067114094|99.25133689839572|99.66722129783693|99.6831797235023|
---------------------------------------------------------------------
