=======================================
ijcnn1_fraction:0.1_epochs:200_no of selection:10 2020-09-10 17:59:19.271085
ijcnn1 :Budget =  0.1
Validation Accuracy
---------------------------------------------------------------------
|Algo                            |350|700|1050|1400|1750|2100|2450|2800|3150|3500|
| One Step Taylor |90.41360907271515|89.19946631087392|91.34756504336224|93.18212141427618|95.37024683122081|95.15677118078719|95.69046030687124|96.1974649766511|96.47765176784523|95.89059372915277|
| Fac Loc Reg One Step |90.41360907271515|90.64042695130087|89.23282188125417|95.03669112741828|95.49699799866578|95.41694462975317|95.45030020013343|95.7505003335557|95.29686457638425|96.71781187458305|
| Rand Reg One Step |90.41360907271515|89.95997331554369|90.52034689793196|94.60973982655103|95.7771847898599|96.36424282855236|95.03669112741828|96.47098065376917|95.89726484322883|96.19079386257505|
| Facility Location |90.41360907271515|90.75383589059373|90.76717811874583|90.20013342228152|89.72648432288192|90.42695130086724|92.19479653102069|91.65443629086057|92.40160106737825|93.7224816544363|
| FASS |90.41360907271515|92.51501000667112|95.42361574382922|92.895263509006|96.69112741827885|92.15476984656438|96.05737158105404|95.84389593062042|95.03669112741828|95.57705136757839|
| Random |90.41360907271515|88.63242161440961|86.83122081387592|85.57038025350234|89.72648432288192|88.97931954636424|89.30620413609073|89.27284856571048|90.98065376917945|92.49499666444297|
| BADGE |90.41360907271515|90.95396931287524|92.27484989993329|92.8552368245497|94.06937958639092|94.38292194796531|95.63709139426284|95.84389593062042|95.91060707138092|96.29753168779186|
---------------------------------------------------------------------


Test Accuracy
---------------------------------------------------------------------
|Algo                            |350|700|1050|1400|1750|2100|2450|2800|3150|3500|
| One Step Taylor |90.5606263835727|89.90741649491281|91.6424030272298|94.99351152113935|95.68925093510431|96.0741976641476|96.86808213650887|96.70232603788399|97.04147173967569|96.87680614169966|
| Fac Loc Reg One Step |90.5606263835727|90.73619698803721|90.69148646143445|95.34356222941953|96.5202124295264|96.56056095353377|96.32828431532917|96.48422590811441|96.14726120762042|96.95205068647016|
| Rand Reg One Step |90.5606263835727|90.49955834723721|90.73183498544182|95.08620407629142|96.66306801452546|96.84409112223422|96.5747374619688|96.66197751387662|96.69687353463975|97.0371097370803|
| Facility Location |90.41360907271515|90.75383589059373|90.76717811874583|90.20013342228152|89.72648432288192|90.42695130086724|92.19479653102069|91.65443629086057|92.40160106737825|93.7224816544363|
| FASS |90.5606263835727|91.3643253617736|93.77324129507858|94.98369701529973|96.8800776436462|94.96733950556701|96.20287674071166|96.40352886009967|96.14398970567387|96.53438893796142|
| Random |90.5606263835727|88.83763535839304|89.71003587747134|90.29781572720036|92.26071689512655|91.82342613493854|92.54315656317816|92.57260008069704|92.94773230390072|93.87138635347488|
| BADGE |90.558445382275|90.92703460158559|91.4646514214676|92.35668095222516|93.92263988397073|94.92917198285733|95.88117904930154|96.48640690941211|96.80156159692915|97.02075222734757|
---------------------------------------------------------------------


Unlabeled data Accuracy
---------------------------------------------------------------------
|Algo                            |350|700|1050|1400|1750|2100|2450|2800|3150|3500|
| One Step Taylor |90.3001443001443|90.6064139941691|89.33431516936672|95.19940476190476|95.65714285714286|96.59270516717325|96.94009216589862|97.70186335403727|98.35792778649922|98.65714285714286|
| Fac Loc Reg One Step |90.3001443001443|90.71428571428571|89.8939617083947|94.66071428571429|96.28571428571429|96.6322188449848|97.49001536098311|98.16149068322981|98.4458398744113|98.78095238095239|
| Rand Reg One Step |90.3001443001443|90.73469387755102|89.52282768777614|94.8422619047619|96.4812030075188|96.69300911854103|97.28110599078342|97.81987577639751|98.16326530612245|98.60952380952381|
| Facility Location |90.3001443001443|90.60932944606414|91.37849779086892|92.78571428571429|93.37443609022556|93.75075987841946|93.84946236559139|94.37577639751552|94.31083202511773|94.58730158730158|
| FASS |90.3001443001443|91.76967930029154|93.74374079528718|95.5952380952381|96.69172932330827|97.06686930091185|97.33333333333333|97.62422360248448|98.05023547880691|98.3873015873016|
| Random |90.3001443001443|86.36151603498543|88.23564064801178|90.23511904761905|91.58796992481203|91.03647416413374|91.88940092165899|92.33850931677019|91.67974882260596|92.06031746031746|
| BADGE |90.3001443001443|91.6064139941691|92.9720176730486|94.48809523809524|96.02406015037594|96.8176291793313|97.37941628264208|97.94099378881988|98.27629513343798|98.66349206349206|
---------------------------------------------------------------------
