=======================================
letter_fraction:0.1_epochs:200_no of selection:10 2020-09-09 11:14:56.954847
letter :Budget =  0.1
Validation Accuracy
---------------------------------------------------------------------
|Algo                            |105|210|315|420|525|630|735|840|945|1050|
| One Step Taylor |54.355555555555554|27.266666666666666|36.17777777777778|31.0|33.71111111111111|36.266666666666666|39.4|44.84444444444444|43.68888888888889|41.48888888888889|
| Fac Loc Reg One Step |54.355555555555554|30.711111111111112|23.88888888888889|34.82222222222222|27.2|33.44444444444444|28.377777777777776|39.6|43.266666666666666|45.266666666666666|
| Rand Reg One Step |54.355555555555554|31.4|38.71111111111111|36.111111111111114|43.044444444444444|35.266666666666666|42.53333333333333|52.666666666666664|47.266666666666666|42.08888888888889|
| Facility Location |54.355555555555554|54.51111111111111|54.977777777777774|57.75555555555555|60.44444444444444|61.37777777777778|60.91111111111111|58.93333333333333|62.8|63.13333333333333|
| FASS |54.355555555555554|31.11111111111111|18.977777777777778|39.44444444444444|45.266666666666666|43.82222222222222|48.977777777777774|37.44444444444444|38.977777777777774|42.77777777777778|
| Random |54.355555555555554|56.31111111111111|56.022222222222226|59.8|56.86666666666667|62.53333333333333|57.666666666666664|56.977777777777774|56.0|60.422222222222224|
| BADGE |37.355555555555554|54.13333333333333|61.46666666666667|66.06666666666666|68.71111111111111|72.22222222222223|73.8|75.93333333333334|78.42222222222222|79.46666666666667|
---------------------------------------------------------------------


Test Accuracy
---------------------------------------------------------------------
|Algo                            |105|210|315|420|525|630|735|840|945|1050|
| One Step Taylor |53.92|29.34|35.26|32.34|33.32|35.92|41.08|46.16|44.7|42.74|
| Fac Loc Reg One Step |53.92|31.68|24.28|34.92|27.54|33.8|29.32|39.88|44.56|45.58|
| Rand Reg One Step |53.92|31.96|38.4|36.86|42.88|35.0|42.72|51.9|48.0|42.3|
| Facility Location |54.355555555555554|54.51111111111111|54.977777777777774|57.75555555555555|60.44444444444444|61.37777777777778|60.91111111111111|58.93333333333333|62.8|63.13333333333333|
| FASS |53.92|31.94|19.24|40.02|46.02|43.1|47.34|35.56|39.48|41.04|
| Random |53.92|55.98|56.44|60.22|56.26|61.92|58.08|58.24|55.34|60.44|
| BADGE |37.58|53.56|61.06|66.22|69.08|72.96|74.46|76.88|78.46|79.2|
---------------------------------------------------------------------


Unlabeled data Accuracy
---------------------------------------------------------------------
|Algo                            |105|210|315|420|525|630|735|840|945|1050|
| One Step Taylor |55.03607503607503|27.764820213799805|35.925380461462936|31.706349206349206|32.80200501253133|34.6403242147923|39.549411162314385|44.79296066252588|44.09209837781266|42.48677248677249|
| Fac Loc Reg One Step |55.03607503607503|30.602526724975704|24.761904761904763|35.486111111111114|26.305764411027567|34.326241134751776|28.28469022017409|40.08281573498965|44.060701203558345|45.20634920634921|
| Rand Reg One Step |55.03607503607503|30.463511806432805|38.421517620496715|36.57641574928097|42.839963924240905|35.7873417721519|42.55449800429843|52.15682217854557|48.06023214472446|41.463156781900835|
| Facility Location |55.03607503607503|54.29543245869777|54.167893961708394|56.676587301587304|58.31578947368421|60.29381965552178|59.24219150025602|57.96066252587992|61.69544740973313|62.21164021164021|
| FASS |55.03607503607503|31.214771622934887|18.527245949926364|39.25595238095238|45.88471177944862|41.610942249240125|47.41423451100871|35.745341614906835|38.9010989010989|42.22222222222222|
| Random |55.03607503607503|55.0772519677388|56.307058015117306|60.269760983834175|56.01763703777934|60.607594936708864|57.37386142667076|56.284266059791044|54.857262365366516|60.33407336927794|
| BADGE |37.43145743145743|54.1885325558795|62.297496318114874|66.39880952380952|69.60401002506266|72.69503546099291|74.27547363031233|77.34989648033127|78.92203035060177|80.14814814814815|
---------------------------------------------------------------------
