=======================================
dna_fraction:0.4_epochs:200_no of selection:10 2020-09-05 11:35:35.474959
dna :Budget =  0.4
Validation Accuracy
---------------------------------------------------------------------
|Algo                            |0|56|112|168|224|280|336|392|448|504|
| One Step Taylor |77.94486215538848|86.96741854636592|91.72932330827068|93.48370927318295|93.734335839599|94.23558897243107|94.48621553884712|94.48621553884712|95.23809523809524|95.23809523809524|
| Fac Loc Reg One Step |77.94486215538848|85.96491228070175|91.47869674185463|92.73182957393483|92.98245614035088|93.48370927318295|93.734335839599|94.23558897243107|94.23558897243107|93.98496240601504|
| Rand Reg One Step |77.94486215538848|86.46616541353383|88.97243107769424|88.22055137844612|92.23057644110276|93.734335839599|93.48370927318295|94.23558897243107|94.48621553884712|94.48621553884712|
| Facility Location |77.94486215538848|80.70175438596492|85.21303258145363|85.96491228070175|87.71929824561404|87.468671679198|88.7218045112782|88.97243107769424|89.22305764411027|89.47368421052632|
| FASS |77.94486215538848|84.46115288220551|88.22055137844612|89.97493734335839|91.47869674185463|91.2280701754386|92.73182957393483|92.73182957393483|93.23308270676692|93.48370927318295|
| Random |77.94486215538848|81.95488721804512|80.95238095238095|82.20551378446115|83.45864661654136|88.22055137844612|88.47117794486215|90.47619047619048|91.72932330827068|91.2280701754386|
| BADGE |74.93734335839599|81.70426065162907|87.21804511278195|89.22305764411027|90.22556390977444|91.97994987468671|91.2280701754386|90.72681704260651|93.734335839599|92.73182957393483|
---------------------------------------------------------------------


Test Accuracy
---------------------------------------------------------------------
|Algo                            |0|56|112|168|224|280|336|392|448|504|
| One Step Taylor |73.45238095238095|80.47619047619048|86.19047619047619|87.73809523809524|89.04761904761905|90.95238095238095|90.83333333333333|91.07142857142857|92.61904761904762|92.73809523809524|
| Fac Loc Reg One Step |73.45238095238095|82.85714285714286|86.66666666666667|88.45238095238095|90.11904761904762|91.54761904761905|91.19047619047619|92.26190476190476|93.0952380952381|92.97619047619048|
| Rand Reg One Step |73.45238095238095|81.54761904761905|84.64285714285714|86.66666666666667|87.85714285714286|90.23809523809524|90.23809523809524|91.19047619047619|91.30952380952381|91.54761904761905|
| Facility Location |77.94486215538848|80.70175438596492|85.21303258145363|85.96491228070175|87.71929824561404|87.468671679198|88.7218045112782|88.97243107769424|89.22305764411027|89.47368421052632|
| FASS |73.45238095238095|81.78571428571429|84.04761904761905|86.66666666666667|88.0952380952381|88.80952380952381|89.76190476190476|90.35714285714286|90.23809523809524|90.47619047619048|
| Random |73.45238095238095|80.5952380952381|80.35714285714286|83.0952380952381|84.16666666666667|85.5952380952381|86.9047619047619|86.9047619047619|88.21428571428571|88.57142857142857|
| BADGE |72.85714285714286|85.11904761904762|83.80952380952381|89.16666666666667|89.76190476190476|90.23809523809524|92.38095238095238|92.02380952380952|93.21428571428571|93.80952380952381|
---------------------------------------------------------------------


Unlabeled data Accuracy
---------------------------------------------------------------------
|Algo                            |0|56|112|168|224|280|336|392|448|504|
| One Step Taylor |67.26190476190476|78.95962732919254|83.11688311688312|87.07482993197279|90.35714285714286|92.85714285714286|93.9484126984127|95.06302521008404|95.98214285714286|96.19047619047619|
| Fac Loc Reg One Step |67.26190476190476|80.59006211180125|83.76623376623377|88.0952380952381|90.17857142857143|92.19924812030075|93.75|94.4327731092437|95.20089285714286|95.5952380952381|
| Rand Reg One Step |67.26190476190476|78.97595034910783|83.3063209076175|85.83545377438507|88.87900355871886|91.2067352666043|93.49112426035504|94.68196037539103|95.57522123893806|95.75971731448763|
| Facility Location |67.26190476190476|72.36024844720497|75.0|75.85034013605443|75.80357142857143|77.16165413533835|77.18253968253968|78.04621848739495|78.68303571428571|79.28571428571429|
| FASS |67.26190476190476|75.54347826086956|80.11363636363636|85.45918367346938|87.41071428571429|88.90977443609023|90.17857142857143|90.96638655462185|91.18303571428571|92.61904761904762|
| Random |67.26190476190476|74.18604651162791|76.37540453074433|77.834179357022|80.40780141843972|81.09869646182496|83.33333333333333|84.05797101449275|84.86842105263158|86.48018648018648|
| BADGE |69.72049689440993|78.81493506493507|82.0578231292517|86.78571428571429|89.56766917293233|90.97222222222223|93.4873949579832|94.41964285714286|95.5952380952381|96.42857142857143|
---------------------------------------------------------------------
