=======================================
connect_4_fraction:0.3_epochs:200_no of selection:10 2020-09-11 13:29:52.799540
connect_4 :Budget =  0.3
Validation Accuracy
---------------------------------------------------------------------
|Algo                            |1642|3284|4926|6568|8210|9852|11494|13136|14778|16420|
| One Step Taylor |74.11609932576879|76.27035027133695|77.79970399605328|79.16461108370333|79.78950830455517|81.00641341884558|80.64463081729978|81.10508140108534|80.74329879953955|80.7761881269528|
| Fac Loc Reg One Step |74.11609932576879|76.0565696431508|77.68459135010688|78.62193718138464|79.18105574740997|79.85528695938169|80.49662884394014|80.5952968261799|81.20374938332512|80.5952968261799|
| Rand Reg One Step |74.11609932576879|76.20457161651045|78.16148659759908|78.81927314586417|79.59217234007565|79.75661897714191|80.74329879953955|80.6610754810064|80.90774543660582|80.94063476401908|
| Facility Location |74.11609932576879|76.71435619141589|77.61881269528038|78.62193718138464|79.54283834895577|78.8357178095708|79.23038973852985|79.32905772076961|79.9868442690347|80.11840157868771|
| FASS |74.11609932576879|77.09258345666831|78.52326919914488|79.55928301266239|79.87173162308831|80.01973359644795|80.24995888834073|80.43085018911363|80.38151619799375|79.83884229567505|
| Random |74.11609932576879|74.46143726360796|75.13566847557968|75.92501233349778|75.39878309488572|75.6290083867785|75.56322973195198|76.08945897056405|76.12234829797731|75.56322973195198|
| BADGE |74.03387600723565|76.51702022693635|77.40503206709423|78.63838184509127|79.32905772076961|79.88817628679493|80.33218220687387|80.87485610919256|81.40108534780464|81.53264265745766|
---------------------------------------------------------------------


Test Accuracy
---------------------------------------------------------------------
|Algo                            |1642|3284|4926|6568|8210|9852|11494|13136|14778|16420|
| One Step Taylor |73.75666074600355|75.60686796921256|77.94552989934873|78.44878626406158|79.647720544701|79.92895204262878|80.55062166962699|80.4914150384843|80.23978685612789|80.2841918294849|
| Fac Loc Reg One Step |73.75666074600355|76.12492599171107|77.35346358792185|78.38957963291888|79.0704558910598|79.63291888691533|80.21018354055654|80.7578448786264|80.97986974541149|80.53582001184132|
| Rand Reg One Step |73.75666074600355|76.09532267613973|78.00473653049141|79.08525754884548|79.1740674955595|79.7513321492007|79.70692717584369|80.40260509177028|80.29899348727058|80.66903493191238|
| Facility Location |74.11609932576879|76.71435619141589|77.61881269528038|78.62193718138464|79.54283834895577|78.8357178095708|79.23038973852985|79.32905772076961|79.9868442690347|80.11840157868771|
| FASS |73.75666074600355|75.81409117821195|77.13143872113676|77.81231497927767|77.94552989934873|78.58200118413262|78.99644760213144|79.60331557134398|79.76613380698639|79.70692717584369|
| Random |73.75666074600355|74.43753700414446|75.3700414446418|75.96210775606868|75.16281823564239|75.01480165778567|75.20722320899941|75.48845470692717|75.51805802249852|74.51154529307283|
| BADGE |73.77146240378923|76.40615748963884|77.50148016577857|78.40438129070456|78.5375962107756|79.57371225577265|80.43220840734162|80.52101835405566|80.66903493191238|81.49792776791|
---------------------------------------------------------------------


Unlabeled data Accuracy
---------------------------------------------------------------------
|Algo                            |1642|3284|4926|6568|8210|9852|11494|13136|14778|16420|
| One Step Taylor |73.6180715173895|76.168442336107|77.86881953649034|79.39857119122777|81.32229628036981|83.02799322456985|84.52783047240086|85.99461331281262|87.27905462921235|88.60313315926894|
| Fac Loc Reg One Step |73.6180715173895|76.42312777043315|78.10981242720007|79.09328792158166|80.92453235863255|82.67584915752875|84.39365196872252|85.68680261639092|87.22647839367082|88.3420365535248|
| Rand Reg One Step |73.6180715173895|76.41775375702315|78.53040404851795|80.45685806250648|81.8721245216494|83.45107302832439|84.70346039970393|86.11238008222932|87.46182728410513|88.58753817640763|
| Facility Location |73.6180715173895|76.72836145890038|77.95115877414949|79.13482306030902|79.83229413029456|79.89212801996969|80.25493915698885|80.4131396691035|80.66446347203446|80.73107049608355|
| FASS |73.6180715173895|77.32327552686834|79.38908302205085|81.37564379465027|82.5929907546764|84.16020326290452|85.22648406051913|86.87235475182763|88.09023083471033|89.39947780678851|
| Random |73.6180715173895|75.41458483193033|76.76721021768817|78.04589346900633|78.24740938212152|78.57954672074521|79.11269430051813|79.67348705248732|79.5819774718398|79.75671513221437|
| BADGE |73.5898112212216|76.56116338751069|78.25842470980439|79.73292905798306|80.99978499247473|82.27244361237408|83.51917827233609|84.73451327433628|85.95713784988233|87.36031331592689|
---------------------------------------------------------------------
