=======================================
ijcnn1_fraction:0.4_epochs:200_no of selection:10 2020-09-10 19:38:18.727463
ijcnn1 :Budget =  0.4
Validation Accuracy
---------------------------------------------------------------------
|Algo                            |1400|2800|4200|5600|7000|8400|9800|11200|12600|14000|
| One Step Taylor |90.9072715143429|91.94129419613076|93.82254836557705|96.10406937958639|94.14276184122748|95.73048699132755|95.01000667111407|95.2768512341561|95.13675783855903|95.14342895263509|
| Fac Loc Reg One Step |90.9072715143429|91.18745830553702|94.09606404269513|94.98332221480987|95.51701134089393|95.51034022681787|94.78318879252835|94.84322881921281|95.44362908605737|95.71714476317545|
| Rand Reg One Step |90.9072715143429|91.8945963975984|94.2361574382922|95.48365577051368|95.39026017344897|95.62374916611074|95.27018012008006|95.01000667111407|95.70380253502334|95.37024683122081|
| Facility Location |90.9072715143429|91.75450300200133|92.95530353569046|93.72915276851234|94.72981987991994|94.80987324883256|94.85657104736491|95.05670446964643|96.1707805203469|95.91727818545696|
| FASS |90.9072715143429|95.657104736491|94.04269513008673|93.43562374916611|92.34156104069379|92.55503669112741|93.04869913275517|93.15543695797199|93.50233488992662|93.64909939959973|
| Random |90.9072715143429|88.35890593729152|86.81787858572382|87.99866577718478|86.79786524349566|91.17411607738492|94.57638425617078|94.80987324883256|94.61641094062709|94.51634422948632|
| BADGE |90.920613742495|93.10873915943962|93.94929953302201|94.7231487658439|95.19012675116744|95.3302201467645|96.24416277518345|95.95063375583723|96.2241494329553|96.19079386257505|
---------------------------------------------------------------------


Test Accuracy
---------------------------------------------------------------------
|Algo                            |1400|2800|4200|5600|7000|8400|9800|11200|12600|14000|
| One Step Taylor |90.84524705292199|91.03826566776807|94.03168994885552|96.22468675368862|96.2061482426582|96.7503080664333|96.10800318426189|96.13962770307849|95.81356800907297|95.8255635162103|
| Fac Loc Reg One Step |90.84524705292199|90.67730995299942|93.97389341446659|96.11454618815497|96.83318611574573|96.47550190292363|96.24649676666557|96.09600767712456|96.078559666743|96.29011679261949|
| Rand Reg One Step |90.84524705292199|91.05680417879849|94.51478173629513|96.52893643471718|96.6270814931135|96.56383245548031|96.67942552425819|96.20723874330706|96.51585042693101|96.21487224784899|
| Facility Location |90.9072715143429|91.75450300200133|92.95530353569046|93.72915276851234|94.72981987991994|94.80987324883256|94.85657104736491|95.05670446964643|96.1707805203469|95.91727818545696|
| FASS |90.84524705292199|93.10803589928136|95.09274708018451|95.46678880273934|94.95534399842968|95.32393321774026|95.55730035659371|95.2748606885421|95.31957121514488|95.52240433583059|
| Random |90.84524705292199|90.2258426843764|90.96629262494412|92.07424128417357|91.61623101165745|93.77433179572742|95.4591552981974|95.74704746949324|95.84628302853841|96.01858213105636|
| BADGE |90.84633755357085|91.82996913883164|93.10803589928136|94.42754168438731|95.72523745651628|96.02512513494946|96.67179201971625|96.50276441914482|96.72958855410519|96.38717135036696|
---------------------------------------------------------------------


Unlabeled data Accuracy
---------------------------------------------------------------------
|Algo                            |1400|2800|4200|5600|7000|8400|9800|11200|12600|14000|
| One Step Taylor |90.61309523809524|91.75776397515529|95.1396103896104|97.1360544217687|98.31785714285714|98.63533834586467|98.86111111111111|98.74369747899159|98.98214285714286|99.0047619047619|
| Fac Loc Reg One Step |90.61309523809524|91.61490683229813|95.33766233766234|97.62244897959184|98.51785714285714|98.74812030075188|98.61111111111111|98.93697478991596|98.90178571428571|98.85238095238095|
| Rand Reg One Step |90.61309523809524|91.95962732919254|95.67532467532467|97.59863945578232|98.44642857142857|98.59398496240601|98.66269841269842|98.84873949579831|98.80357142857143|98.82380952380953|
| Facility Location |90.61309523809524|91.6086956521739|93.52922077922078|94.86734693877551|95.70357142857142|96.1203007518797|96.46825396825396|96.52941176470588|96.74107142857143|96.91428571428571|
| FASS |90.61309523809524|93.65217391304348|95.90584415584415|96.91156462585035|97.44642857142857|98.10902255639098|98.56349206349206|98.95378151260505|99.27232142857143|99.4952380952381|
| Random |90.61309523809524|89.59316770186335|92.43831168831169|92.69047619047619|92.775|95.40977443609023|99.6984126984127|99.8109243697479|99.84821428571429|99.89047619047619|
| BADGE |90.61309523809524|93.27950310559007|95.67207792207792|97.20408163265306|98.34642857142858|99.12781954887218|99.60714285714286|99.83613445378151|99.88392857142857|99.94761904761904|
---------------------------------------------------------------------
