=======================================
sklearn-digits_fraction:0.1_epochs:200_no of selection:10 2020-09-12 19:51:03.305710
sklearn-digits :Budget =  0.1
Validation Accuracy
---------------------------------------------------------------------
|Algo                            |11|22|33|44|55|66|77|88|99|110|
| One Step Taylor |57.5|56.25|66.25|68.75|62.5|65.0|75.0|78.75|76.25|76.25|
| Fac Loc Reg One Step |57.5|55.0|63.75|70.0|72.5|76.25|72.5|76.25|83.75|78.75|
| Rand Reg One Step |57.5|55.0|57.5|68.75|66.25|77.5|76.25|77.5|83.75|81.25|
| Facility Location |57.5|57.5|63.75|63.75|65.0|63.75|63.75|65.0|65.0|65.0|
| FASS |57.5|70.0|80.0|76.25|85.0|86.25|86.25|86.25|86.25|86.25|
| Random |57.5|66.25|75.0|77.5|76.25|78.75|77.5|78.75|81.25|81.25|
| BADGE |57.5|61.25|72.5|78.75|78.75|76.25|81.25|85.0|83.75|82.5|
---------------------------------------------------------------------


Test Accuracy
---------------------------------------------------------------------
|Algo                            |11|22|33|44|55|66|77|88|99|110|
| One Step Taylor |56.25|52.5|61.25|66.25|61.25|62.5|71.25|75.0|76.25|72.5|
| Fac Loc Reg One Step |56.25|52.5|62.5|60.0|65.0|75.0|66.25|76.25|81.25|80.0|
| Rand Reg One Step |56.25|52.5|53.75|67.5|70.0|71.25|75.0|80.0|80.0|83.75|
| Facility Location |56.25|56.25|63.75|66.25|63.75|63.75|65.0|65.0|68.75|66.25|
| FASS |56.25|65.0|75.0|87.5|88.75|86.25|90.0|90.0|87.5|88.75|
| Random |56.25|68.75|75.0|77.5|86.25|85.0|82.5|78.75|81.25|83.75|
| BADGE |56.25|63.75|73.75|77.5|75.0|78.75|82.5|83.75|85.0|83.75|
---------------------------------------------------------------------


Unlabeled data Accuracy
---------------------------------------------------------------------
|Algo                            |11|22|33|44|55|66|77|88|99|110|
| One Step Taylor |78.50919651500485|78.6692759295499|82.19584569732937|87.0|81.49646107178968|87.32106339468302|86.97001034126163|90.7949790794979|91.32275132275132|94.11134903640257|
| Fac Loc Reg One Step |78.50919651500485|73.28767123287672|82.98714144411474|83.0|89.88877654196158|90.28629856850716|86.76318510858324|92.25941422594143|90.7936507936508|96.03854389721627|
| Rand Reg One Step |78.50919651500485|75.366568914956|80.7502467917078|86.73978065802592|90.03021148036254|88.70803662258393|91.57245632065776|93.6656282450675|95.27806925498426|95.75821845174974|
| Facility Location |78.50919651500485|78.57142857142857|86.64688427299703|88.9|88.27098078867543|88.95705521472392|89.86556359875905|90.27196652719665|90.37037037037037|90.79229122055675|
| FASS |78.50919651500485|81.01761252446184|89.21859545004945|91.9|94.33771486349848|94.68302658486708|96.17373319544984|96.44351464435147|97.77777777777777|98.50107066381156|
| Random |78.50919651500485|84.06647116324535|82.32971372161896|85.64307078763709|86.20342396777443|85.85961342828077|86.7420349434738|86.81204569055036|88.45750262329486|88.65323435843054|
| BADGE |78.50919651500485|82.87671232876713|89.4164193867458|92.9|95.24772497472195|95.91002044989776|96.69079627714581|97.17573221757323|97.67195767195767|97.85867237687366|
---------------------------------------------------------------------
