=======================================
dna_fraction:0.1_epochs:200_no of selection:10 2020-09-05 11:28:22.323806
dna :Budget =  0.1
Validation Accuracy
---------------------------------------------------------------------
|Algo                            |0|14|28|42|56|70|84|98|112|126|
| One Step Taylor |60.40100250626566|77.44360902255639|86.71679197994987|89.97493734335839|92.73182957393483|94.48621553884712|94.73684210526316|94.23558897243107|94.48621553884712|94.9874686716792|
| Fac Loc Reg One Step |60.40100250626566|75.93984962406014|84.46115288220551|87.71929824561404|91.72932330827068|91.47869674185463|94.73684210526316|95.48872180451127|94.48621553884712|93.98496240601504|
| Rand Reg One Step |60.40100250626566|77.44360902255639|84.21052631578948|88.22055137844612|91.97994987468671|93.48370927318295|93.98496240601504|93.98496240601504|94.48621553884712|93.98496240601504|
| Facility Location |60.40100250626566|65.91478696741855|71.67919799498746|73.93483709273183|76.69172932330827|77.94486215538848|78.44611528822055|80.20050125313283|79.9498746867168|80.95238095238095|
| FASS |60.40100250626566|69.17293233082707|77.44360902255639|82.20551378446115|82.70676691729324|83.20802005012531|83.45864661654136|85.21303258145363|84.71177944862156|84.71177944862156|
| Random |60.40100250626566|67.41854636591479|72.93233082706767|73.1829573934837|74.43609022556392|74.68671679197995|77.19298245614036|78.19548872180451|77.94486215538848|78.94736842105263|
| BADGE |54.88721804511278|64.91228070175438|69.92481203007519|70.17543859649123|74.93734335839599|77.19298245614036|81.45363408521304|78.19548872180451|80.20050125313283|81.70426065162907|
---------------------------------------------------------------------


Test Accuracy
---------------------------------------------------------------------
|Algo                            |0|14|28|42|56|70|84|98|112|126|
| One Step Taylor |59.76190476190476|73.0952380952381|78.21428571428571|83.0952380952381|85.11904761904762|85.83333333333333|85.83333333333333|86.66666666666667|87.61904761904762|87.61904761904762|
| Fac Loc Reg One Step |59.76190476190476|72.85714285714286|79.4047619047619|82.02380952380952|84.88095238095238|84.64285714285714|86.54761904761905|86.30952380952381|87.26190476190476|87.97619047619048|
| Rand Reg One Step |59.76190476190476|72.61904761904762|76.9047619047619|78.92857142857143|81.42857142857143|82.73809523809524|85.35714285714286|86.66666666666667|87.14285714285714|87.85714285714286|
| Facility Location |60.40100250626566|65.91478696741855|71.67919799498746|73.93483709273183|76.69172932330827|77.94486215538848|78.44611528822055|80.20050125313283|79.9498746867168|80.95238095238095|
| FASS |59.76190476190476|71.42857142857143|76.54761904761905|77.73809523809524|81.30952380952381|82.5|84.04761904761905|83.80952380952381|85.95238095238095|85.83333333333333|
| Random |59.76190476190476|68.80952380952381|73.80952380952381|77.5|78.45238095238095|80.83333333333333|80.47619047619048|81.42857142857143|81.07142857142857|82.61904761904762|
| BADGE |52.26190476190476|68.80952380952381|69.64285714285714|73.0952380952381|79.04761904761905|76.42857142857143|80.23809523809524|80.95238095238095|82.61904761904762|85.11904761904762|
---------------------------------------------------------------------


Unlabeled data Accuracy
---------------------------------------------------------------------
|Algo                            |0|14|28|42|56|70|84|98|112|126|
| One Step Taylor |57.21500721500721|69.97084548104957|76.50957290132548|80.6547619047619|81.65413533834587|80.62310030395136|81.41321044546851|82.6086956521739|84.37990580847723|85.87301587301587|
| Fac Loc Reg One Step |57.21500721500721|70.26239067055394|76.50957290132548|80.20833333333333|80.82706766917293|82.52279635258358|84.94623655913979|85.71428571428571|86.42072213500785|87.6984126984127|
| Rand Reg One Step |57.21500721500721|69.48288419519301|75.44117647058823|76.3177431328879|80.50974512743628|82.05904617713853|81.49847094801223|83.3976833976834|83.15132605304213|84.71237194641449|
| Facility Location |57.21500721500721|62.755102040816325|68.26215022091311|68.75|70.37593984962406|71.42857142857143|72.58064516129032|73.21428571428571|73.31240188383046|73.80952380952381|
| FASS |57.21500721500721|67.34693877551021|71.1340206185567|75.74404761904762|77.29323308270676|78.87537993920972|80.18433179723502|81.83229813664596|83.51648351648352|84.60317460317461|
| Random |57.21500721500721|65.5749636098981|69.30983847283407|72.96296296296296|74.81315396113602|75.56561085972851|75.95129375951294|76.80491551459293|77.75193798449612|77.77777777777777|
| BADGE |50.072886297376094|61.56111929307806|65.17857142857143|69.47368421052632|73.48024316109422|71.19815668202764|78.33850931677019|77.31554160125589|78.88888888888889|81.13964686998395|
---------------------------------------------------------------------
