=======================================
usps_fraction:0.3_epochs:200_no of selection:10 2020-09-12 17:24:20.213757
usps :Budget =  0.3
Validation Accuracy
---------------------------------------------------------------------
|Algo                            |146|292|438|584|730|876|1022|1168|1314|1460|
| One Step Taylor |69.05660377358491|73.77358490566037|84.52830188679245|86.98113207547169|90.94339622641509|90.37735849056604|92.0754716981132|91.50943396226415|92.0754716981132|92.0754716981132|
| Fac Loc Reg One Step |69.05660377358491|71.32075471698113|73.77358490566037|81.50943396226415|90.37735849056604|90.0|92.64150943396227|92.26415094339623|89.05660377358491|88.49056603773585|
| Rand Reg One Step |69.05660377358491|72.45283018867924|79.05660377358491|83.01886792452831|84.52830188679245|86.22641509433963|90.56603773584905|91.32075471698113|89.43396226415095|88.67924528301887|
| Facility Location |69.05660377358491|71.50943396226415|76.98113207547169|77.54716981132076|77.73584905660377|76.79245283018868|76.22641509433963|76.41509433962264|78.67924528301887|78.11320754716981|
| FASS |69.05660377358491|90.37735849056604|93.01886792452831|93.01886792452831|93.77358490566037|88.11320754716981|89.81132075471699|84.71698113207547|85.28301886792453|84.52830188679245|
| Random |69.05660377358491|87.35849056603773|90.0|91.69811320754717|92.45283018867924|87.54716981132076|86.22641509433963|85.47169811320755|86.79245283018868|86.0377358490566|
| BADGE |59.056603773584904|82.45283018867924|89.62264150943396|89.43396226415095|90.56603773584905|90.56603773584905|91.13207547169812|91.13207547169812|92.64150943396227|92.26415094339623|
---------------------------------------------------------------------


Test Accuracy
---------------------------------------------------------------------
|Algo                            |146|292|438|584|730|876|1022|1168|1314|1460|
| One Step Taylor |65.51020408163265|72.24489795918367|80.47619047619048|83.6734693877551|86.05442176870748|84.6938775510204|86.80272108843538|85.4421768707483|86.53061224489795|87.00680272108843|
| Fac Loc Reg One Step |65.51020408163265|69.79591836734694|71.7687074829932|77.68707482993197|84.35374149659864|83.19727891156462|85.37414965986395|85.98639455782313|84.76190476190476|84.62585034013605|
| Rand Reg One Step |65.51020408163265|71.15646258503402|76.59863945578232|79.18367346938776|80.47619047619048|80.68027210884354|84.421768707483|85.3061224489796|85.51020408163265|83.74149659863946|
| Facility Location |65.51020408163265|68.63945578231292|73.6734693877551|74.01360544217687|74.28571428571429|74.48979591836735|74.01360544217687|73.80952380952381|75.4421768707483|76.25850340136054|
| FASS |65.51020408163265|82.58503401360544|87.14285714285714|87.14285714285714|87.14285714285714|83.6734693877551|84.48979591836735|80.8843537414966|81.22448979591837|80.40816326530613|
| Random |65.51020408163265|84.08163265306122|85.578231292517|87.27891156462584|87.48299319727892|84.08163265306122|83.94557823129252|83.40136054421768|82.44897959183673|81.36054421768708|
| BADGE |56.53061224489796|77.14285714285714|82.78911564625851|84.08163265306122|86.05442176870748|86.25850340136054|87.61904761904762|88.2312925170068|88.16326530612245|89.04761904761905|
---------------------------------------------------------------------


Unlabeled data Accuracy
---------------------------------------------------------------------
|Algo                            |146|292|438|584|730|876|1022|1168|1314|1460|
| One Step Taylor |90.04668930390493|92.46605343845818|93.80090497737557|93.77632194665419|96.34205426356588|95.85635359116021|97.47132429614182|98.42818428184282|98.58916478555305|98.82283696291937|
| Fac Loc Reg One Step |90.04668930390493|91.28339903635568|89.25339366515837|93.21478708469817|95.17926356589147|95.05273731793069|96.97601668404589|97.5609756097561|98.39164785553048|98.23425544437904|
| Rand Reg One Step |90.04668930390493|91.72323188088461|93.14789687924016|94.57563712882862|94.96611810261375|96.46350639578631|97.21499219156689|97.83608331079253|97.91666666666667|98.503081890226|
| Facility Location |90.04668930390493|91.15199299167762|91.47058823529412|91.38979878334113|91.81201550387597|91.91361125062782|91.42335766423358|91.16531165311653|91.73250564334086|91.70100058858152|
| FASS |90.04668930390493|93.10118265440211|94.43438914027149|95.13336452971456|95.90600775193798|96.3837267704671|96.87174139728884|98.07588075880759|98.27878103837472|98.5285462036492|
| Random |90.04668930390493|90.74803149606299|91.67418772563177|92.8704566635601|93.9306358381503|94.89032901296112|95.37706611570248|95.20364415862808|95.96325167037863|95.97334878331402|
| BADGE |80.24003429061294|93.98230088495575|96.63923182441701|97.54020813623463|98.57912787849094|98.78048780487805|99.23482849604221|99.06695938529089|99.62835906232132|99.82100238663485|
---------------------------------------------------------------------
