=======================================
svmguide1_fraction:0.3_epochs:200_no of selection:10 2020-09-06 17:45:58.478090
svmguide1 :Budget =  0.3
Validation Accuracy
---------------------------------------------------------------------
|Algo                            |84|168|252|336|420|504|588|672|756|840|
| One Step Taylor |90.9090909090909|92.42424242424242|95.45454545454545|93.93939393939394|94.94949494949495|94.44444444444444|94.44444444444444|94.44444444444444|94.44444444444444|94.94949494949495|
| Fac Loc Reg One Step |90.9090909090909|93.43434343434343|93.93939393939394|94.44444444444444|94.44444444444444|94.44444444444444|94.44444444444444|94.44444444444444|94.44444444444444|94.44444444444444|
| Rand Reg One Step |90.9090909090909|92.92929292929293|95.45454545454545|93.93939393939394|94.44444444444444|94.44444444444444|94.44444444444444|94.44444444444444|94.44444444444444|94.44444444444444|
| Facility Location |90.9090909090909|92.42424242424242|92.42424242424242|92.92929292929293|93.43434343434343|93.43434343434343|93.43434343434343|93.43434343434343|93.43434343434343|93.43434343434343|
| FASS |90.9090909090909|93.93939393939394|95.45454545454545|95.45454545454545|95.45454545454545|95.45454545454545|95.45454545454545|95.95959595959596|94.94949494949495|94.94949494949495|
| Random |90.9090909090909|93.43434343434343|92.92929292929293|92.92929292929293|92.92929292929293|92.92929292929293|92.92929292929293|92.92929292929293|92.92929292929293|92.92929292929293|
| BADGE |90.9090909090909|92.92929292929293|92.42424242424242|93.93939393939394|94.94949494949495|95.45454545454545|95.45454545454545|95.45454545454545|95.45454545454545|95.95959595959596|
---------------------------------------------------------------------


Test Accuracy
---------------------------------------------------------------------
|Algo                            |84|168|252|336|420|504|588|672|756|840|
| One Step Taylor |90.05|92.825|94.1|93.625|94.75|94.925|94.925|94.8|94.85|95.05|
| Fac Loc Reg One Step |90.05|93.45|94.375|94.375|94.7|94.725|94.65|94.6|94.7|94.8|
| Rand Reg One Step |90.05|92.525|94.325|93.725|94.75|95.075|95.05|94.825|94.85|94.975|
| Facility Location |90.9090909090909|92.42424242424242|92.42424242424242|92.92929292929293|93.43434343434343|93.43434343434343|93.43434343434343|93.43434343434343|93.43434343434343|93.43434343434343|
| FASS |90.05|93.275|93.85|94.425|94.55|94.7|94.825|95.05|95.075|95.075|
| Random |90.05|93.35|93.375|93.6|93.575|93.975|94.2|94.55|94.35|94.45|
| BADGE |89.175|93.075|94.425|94.8|94.925|95.325|95.45|95.525|95.475|95.55|
---------------------------------------------------------------------


Unlabeled data Accuracy
---------------------------------------------------------------------
|Algo                            |84|168|252|336|420|504|588|672|756|840|
| One Step Taylor |89.09495548961425|93.22358346094947|95.37183544303798|95.78559738134206|97.16101694915254|97.93497363796133|97.99270072992701|97.96015180265654|97.92490118577075|97.88659793814433|
| Fac Loc Reg One Step |89.09495548961425|93.75957120980092|95.45094936708861|96.39934533551555|97.37288135593221|98.06678383128295|98.22080291970804|98.14990512333966|98.17193675889328|98.14432989690722|
| Rand Reg One Step |89.09495548961425|92.6903941829315|95.09881422924902|95.6681651001226|96.78510998307952|97.80797895659798|98.04367606915378|98.01418439716312|97.93307086614173|97.99897383273473|
| Facility Location |89.09495548961425|90.65849923430322|91.53481012658227|91.1620294599018|91.82203389830508|92.39894551845343|92.97445255474453|93.02656546489564|93.23122529644269|93.50515463917526|
| FASS |89.09495548961425|93.56814701378254|94.42246835443038|95.17184942716858|95.63559322033899|96.04569420035149|96.35036496350365|97.05882352941177|97.28260869565217|97.37113402061856|
| Random |89.09495548961425|92.03675344563553|91.61392405063292|91.81669394435352|92.11864406779661|92.83831282952548|93.15693430656934|93.59582542694497|93.57707509881423|93.65979381443299|
| BADGE |88.46439169139465|91.65390505359878|93.90822784810126|94.88543371522096|95.33898305084746|96.35325131810194|96.94343065693431|97.58064516129032|98.02371541501977|98.4020618556701|
---------------------------------------------------------------------
