=======================================
usps_fraction:0.4_epochs:200_no of selection:10 2020-09-12 17:29:14.153039
usps :Budget =  0.4
Validation Accuracy
---------------------------------------------------------------------
|Algo                            |263|526|789|1052|1315|1578|1841|2104|2367|2630|
| One Step Taylor |90.95890410958904|94.65753424657534|96.57534246575342|96.98630136986301|96.57534246575342|96.84931506849315|96.57534246575342|96.43835616438356|96.43835616438356|96.43835616438356|
| Fac Loc Reg One Step |90.95890410958904|95.06849315068493|95.47945205479452|95.75342465753425|96.43835616438356|96.71232876712328|96.84931506849315|96.84931506849315|96.84931506849315|96.84931506849315|
| Rand Reg One Step |90.95890410958904|95.89041095890411|96.02739726027397|96.3013698630137|96.71232876712328|96.98630136986301|97.12328767123287|96.98630136986301|96.98630136986301|96.98630136986301|
| Facility Location |90.95890410958904|93.56164383561644|94.79452054794521|94.93150684931507|94.93150684931507|94.93150684931507|95.34246575342466|95.06849315068493|95.47945205479452|94.79452054794521|
| FASS |90.95890410958904|95.20547945205479|96.84931506849315|96.98630136986301|96.57534246575342|96.57534246575342|96.3013698630137|96.16438356164383|96.71232876712328|96.98630136986301|
| Random |90.95890410958904|94.10958904109589|94.52054794520548|94.10958904109589|94.52054794520548|94.52054794520548|94.79452054794521|94.79452054794521|95.89041095890411|95.89041095890411|
| BADGE |90.95890410958904|95.06849315068493|96.43835616438356|97.3972602739726|97.8082191780822|98.21917808219177|98.08219178082192|97.94520547945206|97.8082191780822|97.8082191780822|
---------------------------------------------------------------------


Test Accuracy
---------------------------------------------------------------------
|Algo                            |263|526|789|1052|1315|1578|1841|2104|2367|2630|
| One Step Taylor |86.04882909815645|90.33383158943697|91.38016940707524|91.72894867962133|92.32685600398605|92.02790234180368|92.62580966616841|92.67563527653213|92.72546088689586|92.72546088689586|
| Fac Loc Reg One Step |86.04882909815645|90.28400597907324|91.18086696562033|91.92825112107623|91.82859990034878|91.97807673143996|91.97807673143996|92.02790234180368|92.02790234180368|92.02790234180368|
| Rand Reg One Step |86.04882909815645|90.23418036870952|91.42999501743897|91.72894867962133|92.07772795216741|91.92825112107623|92.02790234180368|92.07772795216741|91.92825112107623|91.92825112107623|
| Facility Location |86.04882909815645|88.78923766816143|89.48679621325361|89.93522670652716|89.98505231689089|90.3836571998007|90.18435475834579|89.88540109616343|90.5829596412556|90.28400597907324|
| FASS |86.04882909815645|89.03836571998006|90.5829596412556|91.1310413552566|91.42999501743897|91.38016940707524|91.23069257598405|91.18086696562033|91.1310413552566|91.52964623816642|
| Random |86.04882909815645|88.88888888888889|90.13452914798206|90.33383158943697|90.23418036870952|90.43348281016442|90.78226208271052|90.88191330343797|90.78226208271052|91.1310413552566|
| BADGE |86.04882909815645|89.58644743398106|91.77877428998505|92.92476332835078|92.82511210762331|93.42301943198804|93.27354260089686|93.37319382162431|93.42301943198804|93.37319382162431|
---------------------------------------------------------------------


Unlabeled data Accuracy
---------------------------------------------------------------------
|Algo                            |263|526|789|1052|1315|1578|1841|2104|2367|2630|
| One Step Taylor |90.99714194982535|94.41590720795361|96.3963963963964|97.91250680704302|98.15097216927182|98.73570138470801|98.8135593220339|98.85573255553062|98.8555078683834|98.7789366573391|
| Fac Loc Reg One Step |90.99714194982535|94.41590720795361|96.20582120582121|97.36794336540207|98.03659931376286|98.45474613686534|98.6864406779661|98.67623962306484|98.64091559370529|98.57542610022895|
| Rand Reg One Step |90.99714194982535|93.90324718356527|96.43228264634568|97.49637155297533|98.20952380952382|98.5765838011227|98.77274650867541|98.81272401433692|98.78629224178962|98.73096446700508|
| Facility Location |90.99714194982535|92.27837613918807|93.06999306999307|93.19295697948812|93.23293938238658|93.07645996387718|93.4957627118644|93.08952210006731|93.51454458750597|93.13151869753243|
| FASS |90.99714194982535|92.8086164043082|94.5945945945946|95.44381920493737|95.6919557758292|95.58498896247241|95.67796610169492|95.53511330491362|95.8273724368145|95.90435003815823|
| Random |90.99714194982535|93.02749254720106|93.38871581862236|93.67524465386009|93.53366298972993|94.09763905562225|94.36471084845927|94.57347029924074|94.99762920815553|94.94694290045477|
| BADGE |90.99714194982535|94.69759734879868|96.86417186417187|98.29370121619169|99.1422035836828|99.49829420028095|99.6822033898305|99.73076060130133|99.71387696709586|99.7456118036123|
---------------------------------------------------------------------
