=======================================
connect_4_fraction:0.3_epochs:200_no of selection:10 2020-09-11 12:44:30.251476
connect_4 :Budget =  0.3
Validation Accuracy
---------------------------------------------------------------------
|Algo                            |1642|3284|4926|6568|8210|9852|11494|13136|14778|16420|
| One Step Taylor |46.387370977534914|42.50151791135398|50.27322404371585|56.16272009714633|58.530661809350335|59.86642380085003|61.8093503339405|62.35579842137219|64.60230722525804|64.7237401335762|
| Fac Loc Reg One Step |46.387370977534914|40.68002428658166|48.75531268973892|54.09836065573771|57.25561627200972|60.04857316332726|61.38433515482696|62.11293260473588|62.902246508803884|63.995142683667275|
| Rand Reg One Step |46.387370977534914|44.5658773527626|53.8554948391014|58.95567698846387|62.295081967213115|63.81299332119004|66.36308439587128|67.51669702489374|67.88099574984821|68.00242865816637|
| Facility Location |46.387370977534914|54.03764420157863|56.830601092896174|60.837887067395265|61.202185792349724|63.02367941712204|64.1772920461445|64.84517304189436|65.63448694596235|65.39162112932604|
| FASS |46.387370977534914|43.65513054037644|46.87310261080753|48.694596235579844|52.155434122647236|56.95203400121433|59.684274438372796|63.44869459623558|65.99878567091682|65.93806921675774|
| Random |46.387370977534914|53.8554948391014|57.923497267759565|59.684274438372796|60.534304796599876|62.47723132969035|64.48087431693989|64.05585913782635|64.54159077109897|65.63448694596235|
| BADGE |48.08743169398907|52.33758348512447|53.005464480874316|54.70552519732848|55.980570734669094|57.61991499696418|59.62355798421372|58.95567698846387|60.29143897996357|60.534304796599876|
---------------------------------------------------------------------


Test Accuracy
---------------------------------------------------------------------
|Algo                            |1642|3284|4926|6568|8210|9852|11494|13136|14778|16420|
| One Step Taylor |45.975232198142415|43.24045407636739|49.74200206398349|54.3859649122807|57.32714138286894|59.958720330237355|60.68111455108359|61.30030959752322|62.64189886480908|63.0030959752322|
| Fac Loc Reg One Step |45.975232198142415|42.26006191950464|49.690402476780186|53.56037151702786|56.91434468524252|57.43034055727554|60.01031991744066|60.21671826625387|61.30030959752322|63.36429308565531|
| Rand Reg One Step |45.975232198142415|44.47884416924665|52.73477812177502|57.89473684210526|60.526315789473685|61.97110423116615|63.57069143446852|64.34468524251805|64.49948400412796|66.40866873065015|
| Facility Location |46.387370977534914|54.03764420157863|56.830601092896174|60.837887067395265|61.202185792349724|63.02367941712204|64.1772920461445|64.84517304189436|65.63448694596235|65.39162112932604|
| FASS |45.975232198142415|42.26006191950464|44.73684210526316|48.142414860681114|51.702786377708975|54.74716202270382|59.13312693498452|62.38390092879257|63.82868937048504|64.70588235294117|
| Random |45.975232198142415|52.57997936016512|56.91434468524252|58.46233230134159|60.47471620227038|62.487100103199175|63.98348813209494|64.44788441692467|64.80908152734779|65.63467492260062|
| BADGE |46.43962848297214|51.75438596491228|52.3219814241486|53.30237358101135|54.59236326109391|56.398348813209495|57.84313725490196|58.61713106295149|59.80392156862745|61.713106295149636|
---------------------------------------------------------------------


Unlabeled data Accuracy
---------------------------------------------------------------------
|Algo                            |1642|3284|4926|6568|8210|9852|11494|13136|14778|16420|
| One Step Taylor |73.6180715173895|25.732949685045494|38.3379523637386|47.47258680843994|54.278649752741345|59.43656949273424|63.40628325544811|67.02337437475953|70.27189424665765|73.71018276762402|
| Fac Loc Reg One Step |73.6180715173895|23.782953573372733|36.373860304454354|45.950323974082075|53.347667168350895|58.45145760898636|62.57113774117429|65.79453636013851|69.3555655700766|72.68146214099217|
| Rand Reg One Step |73.6180715173895|30.17088865991407|46.136235842236324|55.801059080053996|62.20707743905061|67.04031377443006|70.62361213915618|72.8691303406987|75.0037546933667|76.77308204338406|
| Facility Location |73.6180715173895|52.03165098374679|55.08896654215367|59.33294567203855|60.72457536013761|63.0583043594544|65.11590246610837|66.21056175452097|68.40168243953732|68.81201044386422|
| FASS |73.6180715173895|18.846722140135313|22.687472386231274|26.59702608406712|32.68544399053967|41.42373183560667|52.17693055105723|60.86235090419392|67.61554253667818|72.56657963446476|
| Random |73.6180715173895|42.278904290685695|46.04988352478111|50.40182743225002|53.52367029281507|55.712789427941075|57.55458919319023|57.52446442740016|58.43554443053817|59.00702184865175|
| BADGE |73.5898112212216|76.50867096974882|78.2965819175001|79.70593121781027|81.16534078692754|82.33707764999554|83.75746078748901|84.854751827626|86.00721045515998|87.24543080939948|
---------------------------------------------------------------------
