=======================================
expand_large_linsep_4_fraction:0.2_epochs:200_no of selection:10 2020-08-31 02:00:07.661948
expand_large_linsep_4 :Budget =  0.2
Validation Accuracy
---------------------------------------------------------------------
|Algo                            |70|140|210|280|350|420|490|560|630|700|
| Taylor Online |76.2|90.4|92.2|93.6|93.4|93.6|93.6|93.8|94.0|94.0|
| Full OneStep |76.2|90.0|91.8|92.4|92.6|92.6|93.0|93.0|93.0|93.0|
| Facloc Regularized |76.2|89.8|92.0|92.6|92.6|93.0|93.0|92.8|93.0|93.0|
| Random Greedy |76.2|90.0|92.0|93.8|93.6|93.6|93.6|93.8|94.0|94.0|
| Facility Location |81.2|90.6|92.4|92.6|92.4|92.8|93.0|92.8|92.8|93.0|
| FASS |76.2|82.2|84.8|90.4|93.6|93.2|93.8|93.6|93.4|93.8|
| Random |76.2|86.6|90.0|90.2|91.6|92.2|92.6|92.6|92.6|92.8|
| Random Perturbation |76.2|89.8|90.6|90.6|91.0|91.6|91.8|92.2|92.4|92.6|
| BADGE |89.6|92.0|91.4|90.2|90.6|91.4|90.4|92.4|90.6|93.2|
---------------------------------------------------------------------


Test Accuracy
---------------------------------------------------------------------
|Algo                            |70|140|210|280|350|420|490|560|630|700|
| Taylor Online |79.6|91.3|92.7|94.9|94.9|94.7|94.7|94.7|94.7|94.7|
| Full OneStep |79.6|90.5|92.4|93.6|94.1|94.1|94.2|94.4|94.3|94.1|
| Facloc Regularized |79.6|90.6|92.8|94.2|94.2|94.3|94.5|94.7|94.7|94.8|
| Random Greedy |79.6|91.0|92.7|94.5|94.7|94.7|94.7|94.7|94.7|94.7|
| Facility Location |81.2|90.6|92.4|92.6|92.4|92.8|93.0|92.8|92.8|93.0|
| FASS |79.6|82.2|85.1|91.3|95.2|94.6|95.0|95.0|94.9|95.0|
| Random |79.6|87.7|89.8|91.5|92.2|92.5|92.8|93.6|93.6|93.8|
| Random Perturbation |79.6|90.8|91.3|92.2|92.1|92.3|92.6|93.2|93.6|93.6|
| BADGE |89.6|93.6|92.4|91.7|92.8|93.5|92.5|94.0|92.2|94.4|
---------------------------------------------------------------------


Unlabeled data Accuracy
---------------------------------------------------------------------
|Algo                            |70|140|210|280|350|420|490|560|630|700|
| Taylor Online |78.95043731778425|98.45238095238095|99.48328267477204|100.0|100.0|100.0|100.0|100.0|100.0|100.0|
| Full OneStep |78.95043731778425|97.64880952380952|99.33130699088146|99.53416149068323|99.68253968253968|99.8051948051948|99.8671096345515|99.8639455782313|99.89547038327527|99.89285714285714|
| Facloc Regularized |78.95043731778425|97.67857142857143|99.54407294832826|99.84472049689441|99.93650793650794|99.96753246753246|99.96677740863787|100.0|100.0|100.0|
| Random Greedy |78.95043731778425|98.45238095238095|99.6048632218845|99.96894409937889|100.0|100.0|100.0|100.0|100.0|100.0|
| Facility Location |84.6938775510204|98.60119047619048|99.51367781155015|99.78260869565217|99.77777777777777|99.87012987012987|99.8671096345515|99.8639455782313|99.86062717770035|99.92857142857143|
| FASS |78.95043731778425|87.97619047619048|87.41641337386018|98.32298136645963|100.0|100.0|100.0|100.0|100.0|100.0|
| Random |78.95043731778425|94.43452380952381|98.32826747720365|99.53416149068323|99.65079365079364|99.77272727272727|99.83388704318936|99.93197278911565|99.96515679442508|99.96428571428571|
| Random Perturbation |78.95043731778425|99.16666666666667|99.45288753799392|99.72049689440993|99.80952380952381|99.8051948051948|99.8671096345515|99.93197278911565|99.93031358885017|99.96428571428571|
| BADGE |99.10714285714286|99.87841945288754|99.34782608695652|99.84126984126983|99.96753246753246|99.90033222591362|100.0|99.68641114982579|99.92857142857143|99.89010989010988|
---------------------------------------------------------------------
