=======================================
dna_fraction:0.1_epochs:200_no of selection:10 2020-09-12 20:00:23.934652
dna :Budget =  0.1
Validation Accuracy
---------------------------------------------------------------------
|Algo                            |14|28|42|56|70|84|98|112|126|140|
| One Step Taylor |58.64661654135338|71.42857142857143|73.6842105263158|77.19298245614036|79.4486215538847|81.70426065162907|84.21052631578948|84.21052631578948|86.2155388471178|87.468671679198|
| Fac Loc Reg One Step |58.64661654135338|68.42105263157895|74.68671679197995|82.45614035087719|83.95989974937343|84.46115288220551|85.21303258145363|85.96491228070175|87.468671679198|87.71929824561404|
| Rand Reg One Step |58.64661654135338|71.17794486215539|74.43609022556392|79.69924812030075|82.20551378446115|85.21303258145363|85.71428571428571|87.21804511278195|88.97243107769424|88.47117794486215|
| Facility Location |58.64661654135338|65.16290726817043|70.17543859649123|73.93483709273183|75.43859649122807|77.69423558897243|77.69423558897243|79.69924812030075|80.95238095238095|83.45864661654136|
| FASS |58.64661654135338|70.67669172932331|74.68671679197995|79.9498746867168|83.70927318295739|86.2155388471178|87.96992481203007|90.97744360902256|90.22556390977444|90.97744360902256|
| Random |58.64661654135338|67.16791979949875|72.43107769423558|76.69172932330827|78.69674185463658|78.44611528822055|80.45112781954887|82.70676691729324|82.95739348370927|83.95989974937343|
| BADGE |57.142857142857146|67.41854636591479|72.93233082706767|77.44360902255639|78.94736842105263|78.94736842105263|82.20551378446115|80.45112781954887|82.45614035087719|83.95989974937343|
---------------------------------------------------------------------


Test Accuracy
---------------------------------------------------------------------
|Algo                            |14|28|42|56|70|84|98|112|126|140|
| One Step Taylor |59.76190476190476|69.28571428571429|73.21428571428571|75.11904761904762|78.33333333333333|79.04761904761905|82.02380952380952|83.0952380952381|84.4047619047619|84.4047619047619|
| Fac Loc Reg One Step |59.76190476190476|67.02380952380952|75.23809523809524|81.07142857142857|79.28571428571429|82.61904761904762|84.28571428571429|84.52380952380952|84.52380952380952|83.21428571428571|
| Rand Reg One Step |59.76190476190476|69.76190476190476|73.80952380952381|77.85714285714286|80.5952380952381|82.14285714285714|82.02380952380952|83.92857142857143|82.97619047619048|85.83333333333333|
| Facility Location |59.76190476190476|65.23809523809524|70.23809523809524|72.14285714285714|73.80952380952381|77.26190476190476|77.97619047619048|79.16666666666667|79.4047619047619|80.0|
| FASS |59.76190476190476|70.11904761904762|74.76190476190476|79.16666666666667|80.23809523809524|81.66666666666667|83.33333333333333|84.88095238095238|86.07142857142857|86.9047619047619|
| Random |59.76190476190476|65.83333333333333|69.76190476190476|75.11904761904762|79.4047619047619|80.23809523809524|79.88095238095238|81.19047619047619|81.07142857142857|82.5|
| BADGE |60.23809523809524|69.76190476190476|72.14285714285714|78.21428571428571|81.19047619047619|79.76190476190476|80.35714285714286|80.95238095238095|83.45238095238095|82.97619047619048|
---------------------------------------------------------------------


Unlabeled data Accuracy
---------------------------------------------------------------------
|Algo                            |14|28|42|56|70|84|98|112|126|140|
| One Step Taylor |49.63924963924964|64.35860058309038|70.02945508100147|75.9672619047619|81.42857142857143|82.75075987841946|85.48387096774194|86.49068322981367|86.65620094191523|87.53968253968254|
| Fac Loc Reg One Step |49.63924963924964|62.60932944606414|69.21944035346097|75.5952380952381|81.42857142857143|83.66261398176292|83.02611367127496|84.93788819875776|86.9701726844584|88.57142857142857|
| Rand Reg One Step |49.63924963924964|66.20538965768391|72.42647058823529|77.06013363028953|78.93553223388305|82.05904617713853|84.09785932721712|86.33204633204633|87.3634945397816|88.33727344365643|
| Facility Location |49.63924963924964|55.97667638483965|59.79381443298969|61.979166666666664|64.9624060150376|66.41337386018238|69.04761904761905|69.33229813664596|69.6232339089482|70.23809523809524|
| FASS |49.63924963924964|58.60058309037901|70.17673048600884|76.78571428571429|81.42857142857143|83.96656534954407|84.86943164362519|85.8695652173913|86.81318681318682|88.25396825396825|
| Random |49.63924963924964|60.84425036390102|65.19823788546256|71.70370370370371|74.73841554559043|76.54600301659126|79.83257229832573|79.3394777265745|79.76744186046511|81.14241001564945|
| BADGE |49.63924963924964|67.71137026239067|73.26951399116348|79.53869047619048|82.33082706766918|83.8145896656535|83.25652841781874|83.61801242236025|85.7927786499215|86.66666666666667|
---------------------------------------------------------------------
