=======================================
svmguide1_fraction:0.5_epochs:200_no of selection:10 2020-09-09 05:59:41.458840
svmguide1 :Budget =  0.5
Validation Accuracy
---------------------------------------------------------------------
|Algo                            |139|278|417|556|695|834|973|1112|1251|1390|
| One Step Taylor |94.44444444444444|96.46464646464646|97.47474747474747|97.47474747474747|96.96969696969697|95.45454545454545|95.45454545454545|94.44444444444444|95.95959595959596|96.46464646464646|
| Fac Loc Reg One Step |94.44444444444444|97.47474747474747|95.95959595959596|96.46464646464646|94.44444444444444|94.44444444444444|96.46464646464646|97.47474747474747|97.47474747474747|97.47474747474747|
| Rand Reg One Step |94.44444444444444|97.47474747474747|96.96969696969697|97.47474747474747|96.96969696969697|92.92929292929293|93.43434343434343|94.44444444444444|97.47474747474747|95.95959595959596|
| Facility Location |94.44444444444444|95.45454545454545|94.44444444444444|96.96969696969697|95.45454545454545|96.46464646464646|94.44444444444444|98.48484848484848|95.95959595959596|94.44444444444444|
| FASS |94.44444444444444|97.47474747474747|97.47474747474747|97.97979797979798|96.96969696969697|98.48484848484848|96.46464646464646|96.46464646464646|93.93939393939394|97.47474747474747|
| Random |94.44444444444444|94.94949494949495|96.96969696969697|93.43434343434343|95.45454545454545|79.79797979797979|96.96969696969697|97.97979797979798|95.45454545454545|94.94949494949495|
| BADGE |94.94949494949495|96.96969696969697|97.97979797979798|98.48484848484848|98.48484848484848|97.97979797979798|97.47474747474747|97.97979797979798|97.47474747474747|97.97979797979798|
---------------------------------------------------------------------


Test Accuracy
---------------------------------------------------------------------
|Algo                            |139|278|417|556|695|834|973|1112|1251|1390|
| One Step Taylor |95.025|95.475|96.925|96.175|94.65|94.0|94.0|91.425|94.05|94.175|
| Fac Loc Reg One Step |95.025|96.175|96.55|96.55|95.225|94.025|96.55|96.475|96.475|96.475|
| Rand Reg One Step |95.025|95.975|96.6|96.7|96.775|92.575|92.95|92.7|95.275|94.8|
| Facility Location |94.44444444444444|95.45454545454545|94.44444444444444|96.96969696969697|95.45454545454545|96.46464646464646|94.44444444444444|98.48484848484848|95.95959595959596|94.44444444444444|
| FASS |95.025|95.25|95.375|95.05|95.925|95.475|95.475|95.575|94.025|96.0|
| Random |95.025|94.95|95.025|94.05|92.925|76.1|94.05|95.625|94.725|95.7|
| BADGE |94.8|96.125|96.575|96.625|96.725|96.7|96.8|96.725|96.8|96.775|
---------------------------------------------------------------------


Unlabeled data Accuracy
---------------------------------------------------------------------
|Algo                            |139|278|417|556|695|834|973|1112|1251|1390|
| One Step Taylor |95.03975766755018|96.96243005595524|98.43419382141346|98.24640287769785|98.65707434052757|98.81808838643371|98.72717210846707|93.94484412470024|96.99149771092218|98.05755395683454|
| Fac Loc Reg One Step |95.03975766755018|96.80255795363709|97.54549301735082|97.75179856115108|98.22541966426859|97.94450154162385|98.50581073602656|98.56115107913669|98.43034663178548|98.27338129496403|
| Rand Reg One Step |95.03975766755018|97.40311626048741|98.35095137420718|98.56308935788056|98.80325514600287|98.97488467452588|98.89685603971319|94.38805970149254|97.85296031229669|97.99857040743389|
| Facility Location |95.03975766755018|95.92326139088729|95.04866694879391|95.90827338129496|96.1630695443645|95.73484069886948|94.85334809075816|95.86330935251799|95.81425768476129|95.10791366906474|
| FASS |95.03975766755018|95.08393285371703|95.97968683876428|95.45863309352518|96.06714628297362|95.11819116135663|96.79026009961262|95.9832134292566|95.9450621321125|96.76258992805755|
| Random |95.03975766755018|94.48661606072713|94.79915433403805|95.10552312528064|94.44710387745333|84.41824705279343|94.42912300055157|96.17910447761194|95.18542615484711|95.13938527519657|
| BADGE |93.94168875425974|96.68265387689848|97.96868387642827|98.83093525179856|99.28057553956835|99.53751284686537|99.88931931377975|99.8800959232614|99.9345977763244|99.92805755395683|
---------------------------------------------------------------------
