=======================================
sklearn-digits_fraction:0.3_epochs:200_no of selection:10 2020-09-09 01:42:42.847188
sklearn-digits :Budget =  0.3
Validation Accuracy
---------------------------------------------------------------------
|Algo                            |32|64|96|128|160|192|224|256|288|320|
| One Step Taylor |67.5|73.75|73.75|82.5|83.75|85.0|88.75|82.5|82.5|83.75|
| Fac Loc Reg One Step |67.5|67.5|76.25|77.5|81.25|83.75|83.75|81.25|81.25|83.75|
| Rand Reg One Step |67.5|75.0|77.5|78.75|80.0|81.25|81.25|81.25|82.5|81.25|
| Facility Location |67.5|70.0|71.25|71.25|71.25|72.5|75.0|73.75|76.25|76.25|
| FASS |67.5|82.5|91.25|88.75|91.25|91.25|87.5|85.0|83.75|82.5|
| Random |67.5|80.0|83.75|82.5|86.25|87.5|88.75|88.75|90.0|86.25|
| BADGE |61.25|65.0|71.25|70.0|76.25|82.5|82.5|85.0|86.25|83.75|
---------------------------------------------------------------------


Test Accuracy
---------------------------------------------------------------------
|Algo                            |32|64|96|128|160|192|224|256|288|320|
| One Step Taylor |67.5|77.5|78.75|83.75|87.5|87.5|95.0|91.25|88.75|87.5|
| Fac Loc Reg One Step |67.5|82.5|76.25|77.5|81.25|83.75|85.0|83.75|85.0|86.25|
| Rand Reg One Step |67.5|81.25|77.5|81.25|81.25|82.5|81.25|81.25|82.5|81.25|
| Facility Location |67.5|70.0|71.25|71.25|71.25|72.5|75.0|73.75|76.25|76.25|
| FASS |67.5|85.0|86.25|91.25|91.25|90.0|90.0|86.25|83.75|81.25|
| Random |67.5|86.25|86.25|87.5|87.5|91.25|88.75|87.5|88.75|86.25|
| BADGE |62.5|68.75|80.0|78.75|80.0|91.25|85.0|86.25|91.25|88.75|
---------------------------------------------------------------------


Unlabeled data Accuracy
---------------------------------------------------------------------
|Algo                            |32|64|96|128|160|192|224|256|288|320|
| One Step Taylor |91.20553359683794|81.3265306122449|93.77637130801688|94.97816593886463|96.15384615384616|98.12206572769954|97.1951219512195|97.71573604060913|99.2063492063492|99.30939226519337|
| Fac Loc Reg One Step |91.20553359683794|84.08163265306122|95.25316455696202|94.43231441048034|97.62443438914028|96.71361502347418|98.53658536585365|97.71573604060913|98.67724867724868|99.03314917127072|
| Rand Reg One Step |91.20553359683794|85.11722731906218|94.3157894736842|96.40914036996736|96.509009009009|97.54959159859976|98.42615012106538|98.23899371069183|98.82198952879581|98.77216916780355|
| Facility Location |91.20553359683794|93.06122448979592|93.14345991561181|92.90393013100437|93.09954751131222|93.1924882629108|93.29268292682927|93.02030456852792|93.78306878306879|94.33701657458563|
| FASS |91.20553359683794|89.6938775510204|94.19831223628692|96.94323144104804|97.28506787330316|97.65258215962442|97.8048780487805|98.22335025380711|98.28042328042328|98.06629834254143|
| Random |91.20553359683794|92.76985743380855|91.7016806722689|91.43167028199566|92.60089686098655|93.03944315545243|94.47115384615384|94.01496259351622|94.17098445595855|93.80053908355795|
| BADGE |87.25296442687747|91.83673469387755|94.30379746835443|96.06986899563319|97.05882352941177|98.35680751173709|99.14634146341463|99.36548223350253|99.73544973544973|100.0|
---------------------------------------------------------------------
