=======================================
usps_fraction:0.5_epochs:200_no of selection:10 2020-09-12 17:34:29.823997
usps :Budget =  0.5
Validation Accuracy
---------------------------------------------------------------------
|Algo                            |329|658|987|1316|1645|1974|2303|2632|2961|3290|
| One Step Taylor |92.46575342465754|95.34246575342466|96.71232876712328|97.12328767123287|97.12328767123287|97.12328767123287|97.26027397260275|97.26027397260275|97.26027397260275|97.26027397260275|
| Fac Loc Reg One Step |92.46575342465754|94.79452054794521|95.89041095890411|96.57534246575342|96.02739726027397|96.57534246575342|96.84931506849315|96.84931506849315|96.84931506849315|96.84931506849315|
| Rand Reg One Step |92.46575342465754|94.93150684931507|96.02739726027397|96.43835616438356|96.84931506849315|96.84931506849315|96.84931506849315|96.98630136986301|96.98630136986301|96.98630136986301|
| Facility Location |92.46575342465754|93.83561643835617|95.34246575342466|95.61643835616438|95.20547945205479|95.75342465753425|95.61643835616438|96.02739726027397|95.75342465753425|96.16438356164383|
| FASS |92.46575342465754|96.16438356164383|96.71232876712328|96.57534246575342|96.43835616438356|96.98630136986301|97.12328767123287|96.02739726027397|96.43835616438356|96.98630136986301|
| Random |92.46575342465754|93.6986301369863|95.06849315068493|94.52054794520548|95.34246575342466|96.16438356164383|96.57534246575342|96.71232876712328|96.16438356164383|95.75342465753425|
| BADGE |92.46575342465754|94.38356164383562|97.12328767123287|98.08219178082192|98.08219178082192|98.08219178082192|98.08219178082192|98.08219178082192|97.8082191780822|97.67123287671232|
---------------------------------------------------------------------


Test Accuracy
---------------------------------------------------------------------
|Algo                            |329|658|987|1316|1645|1974|2303|2632|2961|3290|
| One Step Taylor |86.49725959143|90.08470353761834|91.23069257598405|92.17737917289487|92.67563527653213|92.2272047832586|92.32685600398605|92.37668161434978|92.37668161434978|92.37668161434978|
| Fac Loc Reg One Step |86.49725959143|90.73243647234679|91.08121574489287|91.62929745889387|92.37668161434978|92.27703039362233|92.07772795216741|92.02790234180368|92.02790234180368|92.07772795216741|
| Rand Reg One Step |86.49725959143|90.18435475834579|91.3303437967115|91.62929745889387|92.12755356253115|91.82859990034878|91.77877428998505|91.77877428998505|91.82859990034878|91.82859990034878|
| Facility Location |86.49725959143|88.49028400597908|90.33383158943697|90.3836571998007|90.18435475834579|90.78226208271052|90.78226208271052|90.88191330343797|90.98156452416542|91.6791230692576|
| FASS |86.49725959143|90.18435475834579|90.28400597907324|90.73243647234679|91.1310413552566|92.07772795216741|91.82859990034878|91.82859990034878|91.82859990034878|92.02790234180368|
| Random |86.49725959143|89.48679621325361|89.88540109616343|89.93522670652716|90.48330842052815|90.83208769307424|90.9317389138017|90.68261086198306|91.1310413552566|91.42999501743897|
| BADGE |86.49725959143|90.83208769307424|92.62580966616841|93.37319382162431|93.37319382162431|93.52267065271549|93.62232187344296|93.57249626307922|93.62232187344296|93.52267065271549|
---------------------------------------------------------------------


Unlabeled data Accuracy
---------------------------------------------------------------------
|Algo                            |329|658|987|1316|1645|1974|2303|2632|2961|3290|
| One Step Taylor |91.0622593068036|94.59596815178723|96.98600645855758|98.39847473784556|98.69812855980472|98.99716590364072|99.03710662282762|98.98192924408247|98.91666666666667|98.83827575664934|
| Fac Loc Reg One Step |91.0622593068036|94.81619515500593|97.0577682095443|98.01715919923737|98.47436940602115|98.88816219751472|99.0605918271489|99.08373631967422|99.0|98.92999082849282|
| Rand Reg One Step |91.0622593068036|94.3089430894309|96.68220946915352|97.7515243902439|98.33333333333333|98.95470383275261|98.99155722326454|98.95833333333333|98.91906873614191|98.84146341463415|
| Facility Location |91.0622593068036|92.96967643571065|93.98995335486185|94.16587225929456|94.16192026037429|94.09199912797035|94.38703616721466|94.1715449223721|94.22222222222223|94.64995414246408|
| FASS |91.0622593068036|94.01998983567677|95.03049874416936|95.36701620591039|95.50447518307567|95.9450621321125|96.19539689995302|95.92771697632986|95.91666666666667|95.81167838581473|
| Random |91.0622593068036|93.69079837618403|94.34907010014307|94.13884673748103|94.50726978998385|95.09930915371329|94.7356215213358|95.06513026052104|95.07080610021787|95.67422434367542|
| BADGE |91.0622593068036|94.93477892596985|97.21923214926444|98.95138226882746|99.43043124491456|99.65118814039677|99.71817754814467|99.77093407991856|99.83333333333333|99.84714154692755|
---------------------------------------------------------------------
