=======================================
ijcnn1_fraction:0.5_epochs:200_no of selection:10 2020-09-10 19:59:48.538305
ijcnn1 :Budget =  0.5
Validation Accuracy
---------------------------------------------------------------------
|Algo                            |1750|3500|5250|7000|8750|10500|12250|14000|15750|17500|
| One Step Taylor |80.45897079276773|83.34492350486788|83.57093184979138|85.1182197496523|88.00417246175243|88.21279554937414|90.87273991655077|91.88108484005564|93.08066759388039|93.02851182197496|
| Fac Loc Reg One Step |80.45897079276773|83.04937413073714|83.65785813630042|85.18776077885953|87.08275382475661|87.98678720445062|91.44645340751043|91.48122392211404|93.30667593880389|91.53337969401947|
| Rand Reg One Step |80.45897079276773|83.24061196105703|83.34492350486788|86.52642559109874|88.28233657858136|90.19471488178026|90.89012517385257|93.21974965229485|93.04589707927677|93.39360222531293|
| Facility Location |80.45897079276773|83.95340751043115|84.57927677329624|85.90055632823366|86.49165507649514|87.76077885952712|89.18636995827538|90.02086230876218|90.49026425591099|91.06397774687065|
| FASS |80.45897079276773|90.7336578581363|91.75938803894297|91.13351877607789|91.70723226703755|90.75104311543811|88.90820584144646|86.82197496522949|85.72670375521558|84.85744089012518|
| Random |80.45897079276773|88.31710709318497|86.03963838664812|87.7086230876217|89.98609179415855|85.9874826147427|84.14464534075104|82.92767732962447|82.18011126564673|80.96314325452016|
| BADGE |80.615438108484|87.20445062586926|88.85605006954103|89.6557719054242|91.8289290681502|91.53337969401947|92.85465924895688|92.57649513212796|92.94158553546592|92.28094575799722|
---------------------------------------------------------------------


Test Accuracy
---------------------------------------------------------------------
|Algo                            |1750|3500|5250|7000|8750|10500|12250|14000|15750|17500|
| One Step Taylor |77.54247015610652|78.67883379247016|79.09779614325069|79.94719926538109|81.84400826446281|82.98037190082644|85.39944903581267|87.80704775022957|91.34240128558311|91.16448576675849|
| Fac Loc Reg One Step |77.54247015610652|78.48083103764922|79.23553719008264|80.04763544536272|81.23278236914601|82.51549586776859|86.42102846648301|88.49862258953168|92.45006887052341|90.08838383838383|
| Rand Reg One Step |77.54247015610652|78.60135445362718|79.01170798898072|81.03191000918274|81.92148760330579|85.34779614325069|87.44260789715335|92.00241046831955|91.58631772268136|89.53455004591368|
| Facility Location |80.45897079276773|83.95340751043115|84.57927677329624|85.90055632823366|86.49165507649514|87.76077885952712|89.18636995827538|90.02086230876218|90.49026425591099|91.06397774687065|
| FASS |77.54247015610652|81.99609733700643|85.54866850321396|87.76974288337925|90.54465105601469|90.93204775022957|89.04384756657484|85.87293388429752|84.35778236914601|81.92435720844811|
| Random |77.54247015610652|85.34205693296602|86.52146464646465|89.34228650137742|90.68813131313131|79.59136822773186|78.51813590449954|78.01308539944904|77.64577594123048|77.26124885215795|
| BADGE |77.53099173553719|81.5426997245179|84.61317722681359|86.65346648301194|90.99230945821854|91.61501377410468|92.72555096418733|92.05406336088154|92.92068411386593|91.51457759412305|
---------------------------------------------------------------------


Unlabeled data Accuracy
---------------------------------------------------------------------
|Algo                            |1750|3500|5250|7000|8750|10500|12250|14000|15750|17500|
| One Step Taylor |90.72781954887218|91.08888888888889|91.67058823529412|92.075|92.69714285714285|93.70204081632653|94.94065934065934|96.30952380952381|97.76103896103896|98.17142857142858|
| Fac Loc Reg One Step |90.72781954887218|91.0984126984127|91.75798319327731|91.81785714285714|93.14285714285714|93.93877551020408|95.52967032967032|97.05238095238096|97.91168831168831|98.57714285714286|
| Rand Reg One Step |90.72781954887218|91.23492063492064|92.01680672268908|92.46071428571429|93.82095238095238|95.15102040816326|97.0021978021978|98.16190476190476|98.51428571428572|98.45142857142856|
| Facility Location |90.72781954887218|91.2|91.49579831932773|91.70714285714286|91.93523809523809|92.3265306122449|92.84395604395604|93.46190476190476|93.85974025974026|94.41714285714286|
| FASS |90.72781954887218|93.14603174603175|95.46218487394958|96.49285714285715|97.26857142857143|98.2|98.72087912087912|99.02380952380952|99.47012987012987|99.73714285714286|
| Random |90.72781954887218|89.71746031746032|91.83529411764705|93.03571428571429|94.69714285714285|99.90612244897959|99.95604395604396|99.98095238095237|99.97922077922078|99.99428571428571|
| BADGE |90.72481203007519|93.37460317460318|95.90924369747898|97.51428571428572|98.98666666666666|99.54285714285714|99.84175824175824|99.96666666666667|99.97922077922078|99.98857142857143|
---------------------------------------------------------------------
