=======================================
ijcnn1_fraction:0.2_epochs:200_no of selection:10 2020-09-09 09:29:12.186142
ijcnn1 :Budget =  0.2
Validation Accuracy
---------------------------------------------------------------------
|Algo                            |700|1400|2100|2800|3500|4200|4900|5600|6300|7000|
| One Step Taylor |62.10013908205841|81.15438108484005|77.67732962447845|80.00695410292073|84.42280945757997|87.23922114047288|87.55215577190542|82.44089012517385|89.8470097357441|90.64673157162726|
| Fac Loc Reg One Step |62.10013908205841|81.15438108484005|73.5048678720445|73.29624478442281|82.85813630041724|85.57023643949931|78.85952712100139|81.91933240611961|87.58692628650904|91.48122392211404|
| Rand Reg One Step |62.10013908205841|77.99026425591099|84.80528511821974|81.43254520166899|79.24200278164116|85.50069541029207|75.93880389429764|81.2586926286509|75.73018080667593|76.04311543810849|
| Facility Location |62.10013908205841|63.00417246175243|64.15159944367177|65.15994436717664|70.61891515994436|64.04728789986092|70.65368567454799|74.7913769123783|79.58970792767732|79.5201668984701|
| FASS |62.10013908205841|86.09179415855354|89.0125173852573|91.58553546592489|92.14186369958276|77.95549374130736|78.75521557719054|72.2183588317107|80.49374130737135|73.26147426981919|
| Random |62.10013908205841|87.55215577190542|88.5605006954103|86.09179415855354|88.73435326842838|87.7260083449235|89.221140472879|91.7941585535466|91.3769123783032|91.27260083449235|
| BADGE |53.75521557719054|76.46036161335188|78.02503477051461|79.5201668984701|83.48400556328234|82.82336578581364|85.08344923504868|86.6481223922114|87.2739916550765|88.76912378303199|
---------------------------------------------------------------------


Test Accuracy
---------------------------------------------------------------------
|Algo                            |700|1400|2100|2800|3500|4200|4900|5600|6300|7000|
| One Step Taylor |57.48393021120294|80.29155188246098|77.37029384756657|81.96740128558311|85.18709825528008|87.04660238751148|88.39531680440771|82.5068870523416|87.6779155188246|87.36225895316804|
| Fac Loc Reg One Step |57.48393021120294|80.29155188246098|74.79912764003673|79.28145087235997|84.16551882460973|86.42676767676768|83.80968778696051|85.76675849403122|86.85146923783287|81.97887970615243|
| Rand Reg One Step |57.48393021120294|78.03604224058769|82.57575757575758|84.83700642791553|85.42240587695133|84.68204775022957|80.68755739210285|84.81978879706152|84.22291092745638|83.29315886134069|
| Facility Location |62.10013908205841|63.00417246175243|64.15159944367177|65.15994436717664|70.61891515994436|64.04728789986092|70.65368567454799|74.7913769123783|79.58970792767732|79.5201668984701|
| FASS |57.48393021120294|84.14256198347107|91.42561983471074|93.33677685950413|92.96946740128558|87.02364554637282|87.91896235078053|84.73370064279155|88.83149678604224|84.44100091827364|
| Random |57.48393021120294|90.14577594123048|91.76997245179064|90.3064738292011|91.3510101010101|91.69536271809|92.65955004591368|94.7141873278237|92.29224058769513|92.04545454545455|
| BADGE |51.89967860422406|63.55601469237833|67.95798898071625|71.87213039485766|79.44214876033058|83.89003673094582|86.5874655647383|87.63200183654729|89.15863177226814|89.87603305785125|
---------------------------------------------------------------------


Unlabeled data Accuracy
---------------------------------------------------------------------
|Algo                            |700|1400|2100|2800|3500|4200|4900|5600|6300|7000|
| One Step Taylor |93.0932944606414|87.18452380952381|95.1823708206687|96.79813664596273|94.95238095238095|97.76948051948052|98.0|98.4421768707483|95.48432055749129|98.85|
| Fac Loc Reg One Step |93.0932944606414|87.18452380952381|94.86626139817629|96.58385093167702|96.60317460317461|98.12337662337663|98.38870431893687|98.60204081632654|97.98606271777004|98.41428571428571|
| Rand Reg One Step |93.0932944606414|89.10416666666667|95.57446808510639|95.56211180124224|97.77460317460317|90.74025974025975|96.82059800664452|98.43877551020408|98.57142857142857|98.925|
| Facility Location |93.0932944606414|93.20238095238095|93.44680851063829|93.54037267080746|93.44761904761904|93.24350649350649|93.60797342192691|94.57482993197279|93.82229965156795|94.66785714285714|
| FASS |93.0932944606414|96.73809523809524|96.72036474164133|97.34472049689441|97.57460317460317|97.5551948051948|98.51827242524917|98.93537414965986|99.0801393728223|98.90714285714286|
| Random |93.0932944606414|92.69940476190476|92.48936170212765|93.7080745341615|93.4063492063492|93.05844155844156|94.0531561461794|94.41496598639456|94.01045296167247|94.46785714285714|
| BADGE |90.33236151603498|92.49107142857143|94.68693009118542|96.01863354037268|97.13015873015873|97.9512987012987|98.51162790697674|98.88775510204081|99.18118466898954|99.46428571428571|
---------------------------------------------------------------------
