=======================================
mnist_fraction:0.5_epochs:200_no of selection:10 2020-09-10 02:43:42.338293
mnist :Budget =  0.5
Validation Accuracy
---------------------------------------------------------------------
|Algo                            |1966|3932|5898|7864|9830|11796|13762|15728|17694|19660|
| One Step Taylor |88.85|80.8|90.93333333333334|85.36666666666666|91.68333333333334|94.15|94.8|93.58333333333333|92.81666666666666|93.16666666666667|
| Fac Loc Reg One Step |88.85|72.05|86.26666666666667|90.31666666666666|92.43333333333334|93.66666666666667|91.58333333333333|93.78333333333333|93.35|92.85|
| Rand Reg One Step |88.85|78.51666666666667|89.85|92.66666666666667|92.28333333333333|93.03333333333333|92.76666666666667|93.36666666666666|92.8|94.23333333333333|
| Facility Location |88.85|89.06666666666666|90.66666666666667|90.23333333333333|91.48333333333333|90.7|90.93333333333334|92.0|91.23333333333333|92.35|
| FASS |88.85|86.2|92.3|92.33333333333333|91.15|92.88333333333334|91.35|93.73333333333333|91.03333333333333|91.16666666666667|
| Random |88.85|92.81666666666666|93.65|93.36666666666666|86.63333333333334|77.55|74.91666666666667|76.9|77.0|79.26666666666667|
| BADGE |91.41666666666667|94.16666666666667|95.6|96.23333333333333|96.4|96.46666666666667|94.31666666666666|96.78333333333333|96.88333333333334|97.33333333333333|
---------------------------------------------------------------------


Test Accuracy
---------------------------------------------------------------------
|Algo                            |1966|3932|5898|7864|9830|11796|13762|15728|17694|19660|
| One Step Taylor |88.15|80.58|90.17|84.84|91.79|93.52|94.17|93.0|92.07|92.42|
| Fac Loc Reg One Step |88.15|71.78|86.3|89.29|91.73|93.55|91.49|93.2|93.14|92.72|
| Rand Reg One Step |88.15|77.57|89.22|92.34|91.72|92.93|93.08|93.57|92.46|93.89|
| Facility Location |88.85|89.06666666666666|90.66666666666667|90.23333333333333|91.48333333333333|90.7|90.93333333333334|92.0|91.23333333333333|92.35|
| FASS |88.15|84.23|90.92|90.99|90.44|92.43|90.66|93.13|90.86|90.55|
| Random |88.15|92.63|93.55|93.24|85.49|77.34|74.37|75.94|76.12|78.3|
| BADGE |91.04|94.53|95.63|96.39|96.02|96.41|93.98|96.34|96.59|97.1|
---------------------------------------------------------------------


Unlabeled data Accuracy
---------------------------------------------------------------------
|Algo                            |1966|3932|5898|7864|9830|11796|13762|15728|17694|19660|
| One Step Taylor |93.53465585093566|84.83341340040128|95.85290685497142|95.14862501986966|98.30445250771474|98.79736947280456|99.17439449074618|99.31753634860752|99.39884393063583|99.46080675517575|
| Fac Loc Reg One Step |93.53465585093566|76.97459519032412|92.94455581819814|96.61738992211095|97.6194513208315|98.14700432365657|98.67746605626638|99.12678563859099|99.29248554913295|99.33363853705681|
| Rand Reg One Step |93.53465585093566|81.69435966994462|94.8538431618945|96.84976794456101|97.99613467602482|98.88840453356582|99.02593592301373|99.33468938045597|99.4314242130079|99.42037827943868|
| Facility Location |93.53465585093566|93.6332551501964|94.26408545525268|94.31250993482753|94.41825765539693|93.89601424263343|94.17380756739837|93.89173837480395|93.92832369942197|94.12482832290554|
| FASS |93.53465585093566|89.51309803035012|94.34188085335568|96.42664123350819|96.7106378649666|97.04610689241726|97.50361936064483|97.27438429909711|97.04971098265897|97.32946741950252|
| Random |93.53465585093566|92.87147175995253|92.71976789399694|94.6207860706002|95.75102497204621|95.6193517947229|95.41280818973938|96.03520500994372|96.01808702071702|96.51499010805053|
| BADGE |90.87711880693392|94.64927698330271|96.76728618352668|97.87289011367551|98.0309641409555|98.5938028169014|97.54955372667207|98.91722133683322|99.25486875529212|99.57455180385116|
---------------------------------------------------------------------
