=======================================
connect_4_fraction:0.1_epochs:200_no of selection:10 2020-09-09 11:35:32.053529
connect_4 :Budget =  0.1
Validation Accuracy
---------------------------------------------------------------------
|Algo                            |548|1096|1644|2192|2740|3288|3836|4384|4932|5480|
| One Step Taylor |46.56952034001214|50.03035822707954|45.71948998178507|48.63387978142077|51.06253794778385|51.36612021857923|51.48755312689739|52.82331511839708|52.459016393442624|53.612629022465086|
| Fac Loc Reg One Step |46.56952034001214|49.301760777170614|46.75166970248937|48.816029143898|49.66605950212507|50.03035822707954|51.7304189435337|52.94474802671524|52.459016393442624|53.49119611414693|
| Rand Reg One Step |46.56952034001214|49.96964177292046|50.63752276867031|51.7304189435337|48.75531268973892|47.237401335761994|49.96964177292046|46.50880388585307|47.783849423193686|51.36612021857923|
| Facility Location |46.56952034001214|50.33394049787493|47.66241651487553|49.42319368548877|46.87310261080753|49.301760777170614|48.998178506375226|46.994535519125684|49.42319368548877|52.03400121432908|
| FASS |46.56952034001214|57.13418336369156|60.41287188828172|58.287795992714024|61.2629022465088|61.202185792349724|61.50576806314511|61.74863387978142|61.62720097146327|63.08439587128112|
| Random |46.56952034001214|57.13418336369156|55.85913782635094|55.373406193078324|54.159077109896785|52.03400121432908|54.159077109896785|54.766241651487555|53.55191256830601|52.70188221007893|
| BADGE |46.63023679417122|51.7304189435337|53.612629022465086|54.462659380692166|56.52701882210079|55.79842137219186|57.437765634486944|58.10564663023679|59.62355798421372|58.95567698846387|
---------------------------------------------------------------------


Test Accuracy
---------------------------------------------------------------------
|Algo                            |548|1096|1644|2192|2740|3288|3836|4384|4932|5480|
| One Step Taylor |48.65841073271414|50.67079463364293|46.90402476780186|50.25799793601651|51.18679050567595|51.80598555211558|51.44478844169247|51.13519091847265|52.01238390092879|51.54798761609907|
| Fac Loc Reg One Step |48.65841073271414|48.503611971104235|48.916408668730654|48.60681114551084|49.896800825593395|49.845201238390096|50.77399380804953|53.04437564499484|54.024767801857585|54.17956656346749|
| Rand Reg One Step |48.65841073271414|51.39318885448916|50.309597523219814|51.59958720330237|48.76160990712074|49.896800825593395|49.9484004127967|47.8328173374613|49.01960784313726|51.496388028895765|
| Facility Location |46.56952034001214|50.33394049787493|47.66241651487553|49.42319368548877|46.87310261080753|49.301760777170614|48.998178506375226|46.994535519125684|49.42319368548877|52.03400121432908|
| FASS |48.65841073271414|54.024767801857585|56.811145510835914|53.56037151702786|57.27554179566563|57.73993808049536|58.51393188854489|59.752321981424146|58.978328173374614|60.06191950464396|
| Random |48.65841073271414|58.410732714138284|56.449948400412794|57.84313725490196|56.70794633642931|53.09597523219814|55.00515995872033|55.830753353973165|53.869969040247675|52.42518059855521|
| BADGE |45.5108359133127|50.92879256965944|52.37358101135191|53.09597523219814|54.90196078431372|55.417956656346746|57.17234262125903|56.96594427244582|58.30753353973168|59.33952528379773|
---------------------------------------------------------------------


Unlabeled data Accuracy
---------------------------------------------------------------------
|Algo                            |548|1096|1644|2192|2740|3288|3836|4384|4932|5480|
| One Step Taylor |71.57202983090896|64.89817991943906|68.8182982892456|71.3429028327749|73.47056560215468|73.934515476746|73.59484317270655|74.71392244119517|75.09640877319836|75.99512591389114|
| Fac Loc Reg One Step |71.57202983090896|64.77323586453826|70.00150727259025|69.45248248553153|73.18391689111196|73.08290558407218|74.67573303985536|75.75492689129052|76.13079456897245|76.83590576766856|
| Rand Reg One Step |71.57202983090896|67.73333333333333|68.77237273446626|71.06280101273533|68.2344567559249|69.27309135447246|72.36195716250737|68.65105377113005|71.29488312314243|72.11923084732685|
| Facility Location |71.57202983090896|71.76450842906162|72.08719571934584|65.64308559244593|67.4836475567526|67.27912583605537|63.6211775803789|61.52455499046408|65.8451835783723|65.32696994313567|
| FASS |71.57202983090896|62.66410562434731|67.38262114703444|64.16006701187938|68.95344363216621|70.36475346088038|72.89128213190787|72.95375079465988|73.5257491765084|74.24451665312753|
| Random |71.57202983090896|58.111736844068176|60.62735493594574|59.2492481059885|57.71331845810572|58.63302359939349|61.305407104684065|59.11817279046673|58.96313549112521|57.78959762881156|
| BADGE |71.3357454035295|74.76130091004028|76.24349988695455|77.34160828510508|78.2397075798384|78.92362731373464|80.10966119015801|80.5864589955499|81.14003374307062|81.6795288383428|
---------------------------------------------------------------------
