=======================================
satimage_fraction:0.4_epochs:200_no of selection:10 2020-08-31 01:46:49.344963
satimage :Budget =  0.4
Validation Accuracy
---------------------------------------------------------------------
|Algo                            |125|250|375|500|625|750|875|1000|1125|1250|
| Taylor Online |81.74305033809166|82.1938392186326|83.02028549962434|83.6213373403456|84.14725770097671|83.84673178061608|83.92186326070623|83.84673178061608|84.22238918106687|84.22238918106687|
| Full OneStep |81.74305033809166|82.64462809917356|82.5694966190834|82.87002253944402|82.79489105935387|82.41923365890308|82.26897069872277|82.11870773854245|82.49436513899323|82.79489105935387|
| Facloc Regularized |81.74305033809166|82.34410217881292|83.0954169797145|83.69646882043577|83.39594290007513|83.84673178061608|83.9969947407964|83.92186326070623|84.14725770097671|84.14725770097671|
| Random Greedy |81.74305033809166|82.41923365890308|83.32081141998498|83.32081141998498|83.24567993989481|83.47107438016529|83.84673178061608|83.92186326070623|84.14725770097671|83.9969947407964|
| Facility Location |80.7663410969196|81.36739293764087|82.34410217881292|82.41923365890308|83.02028549962434|82.94515401953419|82.79489105935387|82.87002253944402|83.17054845980466|83.39594290007513|
| FASS |81.74305033809166|83.24567993989481|83.32081141998498|83.69646882043577|83.9969947407964|84.22238918106687|84.37265214124719|84.37265214124719|84.37265214124719|84.44778362133734|
| Random |81.74305033809166|82.64462809917356|82.34410217881292|82.71975957926371|82.34410217881292|82.64462809917356|82.49436513899323|82.5694966190834|82.94515401953419|83.24567993989481|
| Random Perturbation |81.74305033809166|81.89331329827198|81.89331329827198|83.02028549962434|82.64462809917356|82.71975957926371|82.87002253944402|83.0954169797145|83.32081141998498|83.32081141998498|
| BADGE |82.94515401953419|82.79489105935387|83.02028549962434|84.07212622088655|84.67317806160781|84.5229151014275|84.59804658151765|84.67317806160781|84.89857250187829|84.29752066115702|
---------------------------------------------------------------------


Test Accuracy
---------------------------------------------------------------------
|Algo                            |125|250|375|500|625|750|875|1000|1125|1250|
| Taylor Online |82.15|82.5|83.2|83.25|83.75|83.85|83.75|84.25|84.2|84.5|
| Full OneStep |82.15|83.3|83.2|82.6|82.1|81.8|81.75|81.6|81.3|81.0|
| Facloc Regularized |82.15|82.25|83.25|83.4|84.3|84.15|83.95|84.2|84.5|84.35|
| Random Greedy |82.15|82.75|83.45|83.15|83.3|83.5|83.85|83.8|84.2|84.1|
| Facility Location |80.7663410969196|81.36739293764087|82.34410217881292|82.41923365890308|83.02028549962434|82.94515401953419|82.79489105935387|82.87002253944402|83.17054845980466|83.39594290007513|
| FASS |82.15|81.95|82.65|82.7|82.6|83.0|82.9|83.25|83.65|83.75|
| Random |82.15|82.6|82.5|82.65|82.8|82.75|82.8|82.55|82.85|82.95|
| Random Perturbation |82.15|81.8|82.3|82.45|82.1|82.6|83.3|83.25|83.15|83.3|
| BADGE |82.4|82.3|82.75|82.8|83.3|83.05|83.55|83.7|84.0|84.3|
---------------------------------------------------------------------


Unlabeled data Accuracy
---------------------------------------------------------------------
|Algo                            |125|250|375|500|625|750|875|1000|1125|1250|
| Taylor Online |83.61866398120175|84.12754029432375|85.92891168926347|87.25038402457757|88.94715611133522|89.46474086661003|89.90578734858681|90.20912547528518|90.34866093986862|90.1294498381877|
| Full OneStep |83.61866398120175|85.21373510861949|84.53646024184683|83.52534562211981|82.97700685760387|81.94562446898895|81.29205921938089|80.84600760456274|79.53511874684185|78.85652642934197|
| Facloc Regularized |83.61866398120175|84.40784863349684|85.67240747526567|87.55760368663594|88.58410649455426|89.37977909940527|89.81606101390759|90.4467680608365|90.70237493683679|90.6688241639698|
| Random Greedy |83.61866398120175|84.86865148861646|86.41523251556207|87.0349060222478|88.40112766814337|89.31750741839762|89.8434004474273|90.09947891994315|90.18621036738803|89.85507246376811|
| Facility Location |82.67875125881169|84.44288717589349|85.81898131183584|86.02150537634408|86.4058087938685|86.7034834324554|86.49618663077614|86.26425855513308|86.86205154118241|86.89320388349515|
| FASS |83.61866398120175|85.07358093903294|85.74569439355075|86.63594470046083|87.69665187575636|88.4876805437553|89.81606101390759|90.82699619771863|91.96563921172309|93.31175836030205|
| Random |83.61866398120175|84.68815697266994|85.41590326126786|85.52227342549924|85.07462686567165|84.91928632115548|85.28488111260656|85.64638783269962|86.00303183425973|85.65264293419634|
| Random Perturbation |83.61866398120175|84.1625788367204|84.46317332356175|84.7926267281106|85.03428801936265|85.25913338997451|85.32974427994617|85.74144486692015|85.80090955027792|85.81445523193096|
| BADGE |84.72319551506658|85.85562477097838|87.82642089093702|89.22952803549819|90.48428207306712|92.10408254822791|93.63117870722434|95.04800404244568|95.90075512405609|97.16599190283401|
---------------------------------------------------------------------
