=======================================
satimage_fraction:0.1_epochs:200_no of selection:10 2020-08-31 01:18:51.373610
satimage :Budget =  0.1
Validation Accuracy
---------------------------------------------------------------------
|Algo                            |32|64|96|128|160|192|224|256|288|320|
| Taylor Online |73.17806160781367|75.4320060105184|75.95792637114951|79.48910593538693|82.71975957926371|83.0954169797145|83.02028549962434|83.39594290007513|83.47107438016529|83.77160030052592|
| Full OneStep |73.17806160781367|75.20661157024793|75.20661157024793|78.51239669421487|80.99173553719008|80.54094665664914|81.1419984973704|80.91660405709993|80.99173553719008|81.21712997746056|
| Facloc Regularized |73.17806160781367|75.95792637114951|81.96844477836214|83.24567993989481|83.47107438016529|83.84673178061608|83.32081141998498|83.0954169797145|83.77160030052592|83.6213373403456|
| Random Greedy |73.17806160781367|75.05634861006762|75.8076634109692|76.78437265214124|81.59278737791135|82.94515401953419|83.02028549962434|82.79489105935387|83.24567993989481|83.0954169797145|
| Facility Location |81.36739293764087|81.81818181818181|82.5694966190834|82.1938392186326|82.11870773854245|82.04357625845229|81.21712997746056|81.81818181818181|81.36739293764087|81.89331329827198|
| FASS |73.17806160781367|76.55897821187078|78.51239669421487|79.56423741547708|80.46581517655898|82.04357625845229|82.79489105935387|83.32081141998498|83.84673178061608|83.9969947407964|
| Random |73.17806160781367|79.63936889556724|81.36739293764087|81.29226145755071|81.81818181818181|81.59278737791135|81.36739293764087|81.89331329827198|81.6679188580015|82.11870773854245|
| Random Perturbation |73.17806160781367|80.39068369646883|81.74305033809166|81.51765589782119|81.89331329827198|81.96844477836214|82.1938392186326|81.96844477836214|81.74305033809166|81.59278737791135|
| BADGE |77.38542449286251|80.61607813673929|82.41923365890308|83.24567993989481|83.39594290007513|83.6213373403456|83.54620586025544|83.47107438016529|83.84673178061608|84.14725770097671|
---------------------------------------------------------------------


Test Accuracy
---------------------------------------------------------------------
|Algo                            |32|64|96|128|160|192|224|256|288|320|
| Taylor Online |75.0|74.85|75.7|78.45|80.15|81.3|81.95|82.05|82.3|82.35|
| Full OneStep |75.0|75.6|76.4|78.9|81.35|81.15|81.7|81.3|81.65|81.85|
| Facloc Regularized |75.0|75.05|80.6|82.1|82.55|82.4|82.45|82.25|82.6|82.45|
| Random Greedy |75.0|74.5|75.25|76.1|79.5|81.4|82.1|82.4|82.6|82.85|
| Facility Location |81.36739293764087|81.81818181818181|82.5694966190834|82.1938392186326|82.11870773854245|82.04357625845229|81.21712997746056|81.81818181818181|81.36739293764087|81.89331329827198|
| FASS |75.0|77.7|78.6|78.8|79.05|79.25|80.0|80.7|80.95|81.35|
| Random |75.0|79.0|81.15|81.05|82.3|82.1|82.4|82.3|82.25|82.65|
| Random Perturbation |75.0|79.2|82.05|81.95|81.6|82.0|82.45|82.8|82.2|82.45|
| BADGE |78.1|80.9|82.85|83.4|83.3|83.0|83.05|82.8|83.45|83.45|
---------------------------------------------------------------------


Unlabeled data Accuracy
---------------------------------------------------------------------
|Algo                            |32|64|96|128|160|192|224|256|288|320|
| Taylor Online |77.1484375|78.25657894736842|78.125|80.71236559139786|82.67663043478261|83.65384615384616|83.95833333333333|84.30477528089888|84.90767045454545|85.23706896551724|
| Full OneStep |77.1484375|78.02631578947368|78.55718085106383|80.81317204301075|83.0163043478261|83.41346153846153|83.88888888888889|84.23455056179775|84.69460227272727|84.77011494252874|
| Facloc Regularized |77.1484375|78.58552631578948|83.01196808510639|84.375|84.40896739130434|84.61538461538461|84.58333333333333|85.00702247191012|85.4403409090909|85.8117816091954|
| Random Greedy |77.1484375|77.86912199934233|78.6046511627907|79.42262504196039|82.08955223880596|83.71614672608845|84.16493416493417|84.76357267950964|85.12747875354107|85.46365914786968|
| Facility Location |82.51953125|83.1907894736842|84.00930851063829|84.77822580645162|84.375|84.61538461538461|84.82638888888889|85.14747191011236|84.62357954545455|84.87787356321839|
| FASS |77.1484375|79.57236842105263|81.08377659574468|81.72043010752688|82.30298913043478|83.37912087912088|83.99305555555556|84.58567415730337|84.90767045454545|85.45258620689656|
| Random |77.1484375|81.90789473684211|83.07845744680851|83.83736559139786|84.91847826086956|84.58104395604396|84.6875|85.04213483146067|84.55255681818181|85.16522988505747|
| Random Perturbation |77.1484375|81.08552631578948|83.27792553191489|83.06451612903226|83.11820652173913|83.99725274725274|84.75694444444444|84.62078651685393|84.80113636363636|84.69827586206897|
| BADGE |80.82236842105263|82.84574468085107|83.93817204301075|85.15625|86.09203296703296|86.28472222222223|86.72752808988764|86.8252840909091|87.39224137931035|87.68168604651163|
---------------------------------------------------------------------
