=======================================
svmguide1_fraction:0.4_epochs:200_no of selection:10 2020-09-12 20:30:34.570040
svmguide1 :Budget =  0.4
Validation Accuracy
---------------------------------------------------------------------
|Algo                            |112|224|336|448|560|672|784|896|1008|1120|
| One Step Taylor |91.91919191919192|93.43434343434343|95.95959595959596|97.47474747474747|97.47474747474747|96.96969696969697|96.96969696969697|97.47474747474747|97.47474747474747|96.96969696969697|
| Fac Loc Reg One Step |91.91919191919192|92.92929292929293|96.96969696969697|96.96969696969697|96.96969696969697|96.96969696969697|96.96969696969697|97.47474747474747|97.47474747474747|97.47474747474747|
| Rand Reg One Step |91.91919191919192|92.92929292929293|95.45454545454545|96.46464646464646|96.96969696969697|96.96969696969697|97.47474747474747|97.97979797979798|97.47474747474747|97.47474747474747|
| Facility Location |91.91919191919192|95.45454545454545|94.44444444444444|95.95959595959596|95.95959595959596|97.97979797979798|97.97979797979798|97.47474747474747|97.47474747474747|97.97979797979798|
| FASS |91.91919191919192|94.94949494949495|95.45454545454545|96.96969696969697|97.97979797979798|96.96969696969697|96.96969696969697|96.46464646464646|97.47474747474747|96.46464646464646|
| Random |91.91919191919192|94.94949494949495|94.44444444444444|96.46464646464646|97.47474747474747|97.47474747474747|96.46464646464646|97.47474747474747|97.47474747474747|95.95959595959596|
| BADGE |91.91919191919192|93.43434343434343|95.45454545454545|96.46464646464646|97.47474747474747|96.96969696969697|97.47474747474747|97.47474747474747|97.97979797979798|97.47474747474747|
---------------------------------------------------------------------


Test Accuracy
---------------------------------------------------------------------
|Algo                            |112|224|336|448|560|672|784|896|1008|1120|
| One Step Taylor |92.0|94.725|95.15|96.25|96.325|95.875|96.15|96.075|96.025|95.45|
| Fac Loc Reg One Step |92.0|94.3|95.55|96.25|95.95|96.1|95.625|96.025|96.1|95.725|
| Rand Reg One Step |92.0|94.9|94.95|95.6|96.425|96.125|96.6|96.05|96.225|96.25|
| Facility Location |92.0|94.875|95.65|96.25|96.0|96.475|96.6|96.675|96.6|96.475|
| FASS |92.0|95.65|95.875|96.05|96.15|96.175|96.025|96.075|96.675|95.675|
| Random |92.0|95.275|96.075|96.05|96.7|96.4|96.575|96.45|96.0|96.3|
| BADGE |92.0|94.625|95.575|96.2|96.4|96.625|96.65|96.65|96.65|96.625|
---------------------------------------------------------------------


Unlabeled data Accuracy
---------------------------------------------------------------------
|Algo                            |112|224|336|448|560|672|784|896|1008|1120|
| One Step Taylor |90.81709145427287|95.14866979655712|96.11292962356792|97.94168096054888|98.69369369369369|99.09867172675521|99.44889779559118|99.68152866242038|99.71783295711062|99.63855421686748|
| Fac Loc Reg One Step |90.81709145427287|94.79655712050078|96.48117839607201|97.81303602058318|98.64864864864865|99.14611005692599|99.39879759519039|99.68152866242038|99.71783295711062|99.6987951807229|
| Rand Reg One Step |90.81709145427287|95.2287837309347|95.66639411283728|97.38758029978587|98.56115107913669|99.2427827733081|99.45054945054945|99.62982548915917|99.88764044943821|99.94008388256441|
| Facility Location |90.81709145427287|94.5226917057903|95.86743044189852|96.26929674099486|95.90090090090091|96.44212523719165|96.14228456913828|96.28450106157112|95.76749435665914|95.42168674698796|
| FASS |90.81709145427287|95.53990610328638|96.27659574468085|96.52658662092624|96.84684684684684|96.82163187855788|97.0440881763527|96.76220806794055|97.12189616252822|96.86746987951807|
| Random |90.81709145427287|94.79655712050078|96.03109656301146|95.84048027444254|96.21621621621621|95.58823529411765|96.24248496993988|96.01910828025478|95.42889390519187|96.20481927710843|
| BADGE |90.81709145427287|94.36619718309859|95.99018003273322|97.08404802744425|98.1981981981982|98.86148007590133|99.39879759519039|99.78768577494692|99.88713318284424|99.93975903614458|
---------------------------------------------------------------------
