=======================================
satimage_fraction:0.1_epochs:200_no of selection:10 2020-09-05 11:28:54.941278
satimage :Budget =  0.1
Validation Accuracy
---------------------------------------------------------------------
|Algo                            |0|24|48|72|96|120|144|168|192|216|
| One Step Taylor |62.45614035087719|58.771929824561404|59.12280701754386|60.526315789473685|59.64912280701754|60.87719298245614|60.175438596491226|60.0|62.45614035087719|62.63157894736842|
| Fac Loc Reg One Step |62.45614035087719|57.89473684210526|60.35087719298246|61.578947368421055|62.80701754385965|60.35087719298246|59.824561403508774|60.87719298245614|61.228070175438596|61.92982456140351|
| Rand Reg One Step |62.45614035087719|58.24561403508772|61.40350877192982|60.87719298245614|60.35087719298246|60.35087719298246|60.526315789473685|61.92982456140351|63.1578947368421|65.08771929824562|
| Facility Location |62.45614035087719|64.3859649122807|68.7719298245614|67.89473684210526|70.87719298245614|73.50877192982456|73.50877192982456|72.80701754385964|74.03508771929825|73.50877192982456|
| FASS |62.45614035087719|69.64912280701755|71.2280701754386|71.2280701754386|70.87719298245614|71.57894736842105|72.45614035087719|71.75438596491227|70.0|69.47368421052632|
| Random |62.45614035087719|72.10526315789474|73.6842105263158|75.78947368421052|74.91228070175438|78.0701754385965|77.71929824561404|79.29824561403508|79.82456140350877|79.64912280701755|
| BADGE |63.50877192982456|65.26315789473684|64.91228070175438|67.19298245614036|70.52631578947368|70.87719298245614|70.70175438596492|71.2280701754386|71.40350877192982|72.45614035087719|
---------------------------------------------------------------------


Test Accuracy
---------------------------------------------------------------------
|Algo                            |0|24|48|72|96|120|144|168|192|216|
| One Step Taylor |62.2432859399684|58.451816745655606|60.426540284360186|60.66350710900474|59.636650868878355|60.11058451816746|60.90047393364929|61.13744075829384|62.2432859399684|62.401263823064774|
| Fac Loc Reg One Step |62.2432859399684|58.68878357030016|60.821484992101105|61.45339652448657|62.006319115323855|60.58451816745656|60.18957345971564|61.216429699842024|60.821484992101105|61.69036334913112|
| Rand Reg One Step |62.2432859399684|59.00473933649289|62.55924170616114|60.97946287519747|60.90047393364929|60.031595576619274|61.216429699842024|63.191153238546605|64.06003159557662|66.42969984202212|
| Facility Location |62.45614035087719|64.3859649122807|68.7719298245614|67.89473684210526|70.87719298245614|73.50877192982456|73.50877192982456|72.80701754385964|74.03508771929825|73.50877192982456|
| FASS |62.2432859399684|71.48499210110585|72.51184834123222|71.7219589257504|72.1169036334913|71.80094786729858|72.51184834123222|71.01105845181675|70.37914691943128|70.22116903633491|
| Random |62.2432859399684|72.74881516587678|76.06635071090048|78.51500789889415|78.19905213270142|80.01579778830964|79.2259083728278|81.27962085308057|80.96366508688783|81.27962085308057|
| BADGE |66.19273301737756|66.19273301737756|65.00789889415482|67.77251184834124|72.74881516587678|73.22274881516587|72.74881516587678|72.03791469194313|71.09004739336493|73.45971563981043|
---------------------------------------------------------------------


Unlabeled data Accuracy
---------------------------------------------------------------------
|Algo                            |0|24|48|72|96|120|144|168|192|216|
| One Step Taylor |79.98281786941581|78.47222222222223|79.56140350877193|79.65425531914893|80.06272401433692|80.70652173913044|81.36446886446886|82.03703703703704|83.00561797752809|83.52272727272727|
| Fac Loc Reg One Step |79.98281786941581|78.47222222222223|80.30701754385964|81.16134751773049|81.27240143369175|81.29528985507247|81.5018315018315|81.89814814814815|81.92883895131087|82.90719696969697|
| Rand Reg One Step |79.98281786941581|78.74186550976138|80.5872042068361|80.16821602478973|80.99284436493738|81.60867600542251|82.10045662100457|83.06414397784957|83.58208955223881|84.11126826968412|
| Facility Location |79.98281786941581|81.46701388888889|81.66666666666667|81.29432624113475|80.55555555555556|81.52173913043478|80.9981684981685|81.99074074074075|81.50749063670412|81.5340909090909|
| FASS |79.98281786941581|81.07638888888889|81.71052631578948|82.22517730496453|82.8405017921147|83.3786231884058|84.34065934065934|84.12037037037037|83.38014981273409|83.57007575757575|
| Random |79.98281786941581|77.82118055555556|76.53508771929825|76.2854609929078|75.94086021505376|78.03442028985508|77.56410256410257|78.51851851851852|78.37078651685393|79.02462121212122|
| BADGE |81.42361111111111|81.40350877192982|82.22517730496453|83.1989247311828|82.97101449275362|82.96703296703296|83.47222222222223|84.22284644194757|84.23295454545455|84.91379310344827|
---------------------------------------------------------------------
