=======================================
ijcnn1_fraction:0.4_epochs:200_no of selection:10 2020-09-06 19:24:43.623560
ijcnn1 :Budget =  0.4
Validation Accuracy
---------------------------------------------------------------------
|Algo                            |1400|2800|4200|5600|7000|8400|9800|11200|12600|14000|
| One Step Taylor |64.81223922114047|75.73018080667593|77.7816411682893|79.13769123783032|79.34631432545201|78.92906815020862|78.30319888734353|78.65090403337969|78.47705146036161|78.92906815020862|
| Fac Loc Reg One Step |64.81223922114047|71.34909596662031|68.63699582753824|72.39221140472878|74.93045897079277|74.93045897079277|75.31293463143254|76.63421418636996|77.22531293463143|78.19888734353269|
| Rand Reg One Step |64.81223922114047|75.69541029207232|78.54659248956885|78.442280945758|79.34631432545201|78.30319888734353|78.51182197496523|78.89429763560501|78.75521557719054|79.06815020862308|
| Facility Location |64.81223922114047|69.47148817802504|70.86230876216968|71.59248956884562|71.557719054242|72.39221140472878|72.73991655076495|73.33101529902642|73.78303198887343|74.26981919332407|
| FASS |64.81223922114047|75.34770514603616|77.74687065368568|77.64255910987482|77.85118219749653|77.1557719054242|76.4951321279555|75.73018080667593|75.10431154381085|75.27816411682893|
| Random |64.81223922114047|83.34492350486788|85.95271210013908|87.0653685674548|87.44784422809458|87.69123783031989|87.44784422809458|87.16968011126565|86.54381084840055|86.09179415855354|
| BADGE |64.221140472879|73.60917941585535|75.13908205841446|75.0|75.34770514603616|76.4951321279555|76.9471488178025|77.1557719054242|77.7816411682893|78.30319888734353|
---------------------------------------------------------------------


Test Accuracy
---------------------------------------------------------------------
|Algo                            |1400|2800|4200|5600|7000|8400|9800|11200|12600|14000|
| One Step Taylor |57.07070707070707|68.0153810835629|70.05280073461891|68.9279155188246|67.61937557392103|68.4400826446281|66.37970615243343|66.69536271809|65.23186409550046|65.20316804407713|
| Fac Loc Reg One Step |57.07070707070707|62.67791551882461|61.58172635445363|63.61914600550964|66.97658402203857|64.25045913682277|63.14279155188246|64.33654729109274|64.95638200183654|65.24908172635445|
| Rand Reg One Step |57.07070707070707|67.55050505050505|70.9366391184573|67.16023875114784|67.67102846648301|66.29935720844811|67.23484848484848|66.21326905417814|65.64508723599633|65.36960514233242|
| Facility Location |64.81223922114047|69.47148817802504|70.86230876216968|71.59248956884562|71.557719054242|72.39221140472878|72.73991655076495|73.33101529902642|73.78303198887343|74.26981919332407|
| FASS |57.07070707070707|61.89164370982553|63.412534435261705|63.68801652892562|64.22750229568412|64.40541781450872|64.8186409550046|64.81290174471992|64.49724517906336|64.26767676767676|
| Random |57.07070707070707|76.47497704315886|79.8783287419651|81.42217630853995|82.36340679522498|82.52984389348026|81.46808999081726|80.00459136822774|78.50091827364555|77.58838383838383|
| BADGE |56.87557392102847|62.13269054178145|64.66368227731864|65.0137741046832|65.11707988980716|65.60491276400367|65.96648301193756|66.11570247933884|66.15587695133149|66.08700642791553|
---------------------------------------------------------------------


Unlabeled data Accuracy
---------------------------------------------------------------------
|Algo                            |1400|2800|4200|5600|7000|8400|9800|11200|12600|14000|
| One Step Taylor |90.80654761904762|91.50621118012423|93.75324675324676|94.54081632653062|95.51428571428572|96.6015037593985|97.19047619047619|97.76890756302521|98.02678571428571|98.23809523809524|
| Fac Loc Reg One Step |90.80654761904762|89.64906832298136|92.48051948051948|94.44897959183673|95.59642857142858|96.41353383458646|96.87301587301587|97.64285714285714|98.04910714285714|98.2|
| Rand Reg One Step |90.80654761904762|91.66770186335404|93.54220779220779|94.3843537414966|95.79642857142858|96.69172932330827|97.21825396825396|97.60504201680672|97.88392857142857|97.82857142857142|
| Facility Location |90.80654761904762|91.00621118012423|91.09415584415585|91.07482993197279|91.07857142857142|90.9624060150376|90.94444444444444|90.96638655462185|90.97321428571429|91.01428571428572|
| FASS |90.80654761904762|91.76708074534162|92.61363636363636|93.43537414965986|94.31428571428572|95.14661654135338|96.04761904761905|96.95798319327731|97.59375|98.03809523809524|
| Random |90.80654761904762|90.59627329192547|89.00974025974025|88.4795918367347|88.11428571428571|88.67293233082707|90.5|91.87394957983193|92.96875|93.9|
| BADGE |90.88095238095238|92.22981366459628|93.31168831168831|94.33673469387755|95.07142857142857|95.85338345864662|96.5436507936508|97.25210084033614|97.89732142857143|98.36666666666666|
---------------------------------------------------------------------
