=======================================
mnist_fraction:0.4_epochs:200_no of selection:10 2020-09-09 20:04:32.325083
mnist :Budget =  0.4
Validation Accuracy
---------------------------------------------------------------------
|Algo                            |1570|3140|4710|6280|7850|9420|10990|12560|14130|15700|
| One Step Taylor |86.45|84.31666666666666|82.96666666666667|84.4|86.91666666666667|81.13333333333334|83.78333333333333|85.13333333333334|81.26666666666667|81.36666666666666|
| Fac Loc Reg One Step |86.45|81.25|81.0|87.5|82.23333333333333|78.96666666666667|80.05|81.83333333333333|82.01666666666667|78.46666666666667|
| Rand Reg One Step |86.45|86.1|85.35|83.66666666666667|86.78333333333333|87.65|88.01666666666667|87.33333333333333|82.98333333333333|84.4|
| Facility Location |86.45|85.65|85.41666666666667|87.01666666666667|86.98333333333333|87.2|88.26666666666667|87.16666666666667|88.41666666666667|88.45|
| FASS |86.45|91.96666666666667|92.88333333333334|89.68333333333334|89.11666666666666|88.65|86.31666666666666|83.78333333333333|87.33333333333333|84.16666666666667|
| Random |86.45|89.85|90.16666666666667|90.4|75.6|72.85|70.65|68.9|67.3|67.4|
| BADGE |90.66666666666667|94.45|95.33333333333333|95.8|96.21666666666667|96.48333333333333|96.63333333333334|97.15|97.0|97.35|
---------------------------------------------------------------------


Test Accuracy
---------------------------------------------------------------------
|Algo                            |1570|3140|4710|6280|7850|9420|10990|12560|14130|15700|
| One Step Taylor |87.48|84.57|83.61|85.67|87.16|81.49|83.79|85.56|81.85|81.33|
| Fac Loc Reg One Step |87.48|81.83|81.8|87.74|81.79|79.72|80.63|82.53|82.29|78.96|
| Rand Reg One Step |87.48|86.07|85.33|83.12|86.76|88.04|88.19|88.21|83.27|85.02|
| Facility Location |86.45|85.65|85.41666666666667|87.01666666666667|86.98333333333333|87.2|88.26666666666667|87.16666666666667|88.41666666666667|88.45|
| FASS |87.48|91.54|92.79|89.67|89.56|88.68|86.75|84.78|87.22|84.87|
| Random |87.48|89.86|90.28|90.97|76.49|74.1|72.33|69.52|68.52|68.29|
| BADGE |91.16|94.26|95.09|95.59|96.43|96.51|96.66|96.8|96.51|96.81|
---------------------------------------------------------------------


Unlabeled data Accuracy
---------------------------------------------------------------------
|Algo                            |1570|3140|4710|6280|7850|9420|10990|12560|14130|15700|
| One Step Taylor |92.50716636585625|87.32066692516479|93.17523743340283|95.48019171267366|95.90712192636005|97.45524039428686|98.04289354473386|98.43363561417972|98.61442904921165|98.44559585492227|
| Fac Loc Reg One Step |92.50716636585625|88.92427851326649|93.51980542043086|94.16671722380634|95.78290228054529|96.42593710185744|97.44479048697622|97.53803492467961|97.76238254499124|97.93170814575724|
| Rand Reg One Step |92.50716636585625|91.35877693458151|94.28132962705583|95.36188800582418|96.99324754745828|97.70669885334942|98.13844847112118|98.42239376452072|98.70600414078675|99.04442368130468|
| Facility Location |92.50716636585625|93.1008696615521|93.75144776465137|93.72990353697749|93.91960759332399|93.8610608194193|93.67567950169875|93.17994454020835|93.02834846313107|93.40439989807186|
| FASS |92.50716636585625|93.85974630255359|95.31503358813991|95.85330340350664|96.7288826602115|97.3479514517535|97.65713476783692|98.01768717679683|98.32775919732441|98.36490274356579|
| Random |92.50716636585625|89.57513986595026|90.8848737549224|91.46696596493356|94.39419034271882|95.39998658888219|95.40982446206115|95.60443678333209|95.43717152412805|95.61284294572326|
| BADGE |90.4711043295823|94.49075894612662|96.2507608034084|97.05783738474435|97.99566630552546|98.48421515784842|98.82931871292467|98.89944630528403|99.19854448308422|99.29710669500035|
---------------------------------------------------------------------
