=======================================
sklearn-digits_fraction:0.5_epochs:200_no of selection:10 2020-09-08 23:29:28.713349
sklearn-digits :Budget =  0.5
Validation Accuracy
---------------------------------------------------------------------
|Algo                            |73|146|219|292|365|438|511|584|657|730|
| One Step Taylor |57.407407407407405|40.123456790123456|35.18518518518518|41.97530864197531|41.97530864197531|43.82716049382716|53.08641975308642|41.358024691358025|52.46913580246913|42.592592592592595|
| Fac Loc Reg One Step |57.407407407407405|41.97530864197531|32.71604938271605|40.123456790123456|32.71604938271605|35.18518518518518|44.44444444444444|42.592592592592595|49.382716049382715|42.592592592592595|
| Rand Reg One Step |57.407407407407405|40.123456790123456|47.53086419753087|46.2962962962963|50.0|39.50617283950617|41.97530864197531|38.27160493827161|54.32098765432099|36.41975308641975|
| Facility Location |57.407407407407405|72.22222222222223|73.45679012345678|69.75308641975309|73.45679012345678|82.71604938271605|68.51851851851852|60.49382716049383|74.69135802469135|71.60493827160494|
| FASS |57.407407407407405|45.67901234567901|50.617283950617285|53.08641975308642|50.617283950617285|53.08641975308642|62.96296296296296|45.67901234567901|56.17283950617284|50.617283950617285|
| Random |57.407407407407405|63.58024691358025|60.49382716049383|68.51851851851852|58.641975308641975|66.04938271604938|69.1358024691358|66.66666666666667|69.1358024691358|67.28395061728395|
| BADGE |77.77777777777777|87.03703703703704|92.5925925925926|91.9753086419753|93.82716049382717|94.44444444444444|93.82716049382717|93.82716049382717|94.44444444444444|93.82716049382717|
---------------------------------------------------------------------


Test Accuracy
---------------------------------------------------------------------
|Algo                            |73|146|219|292|365|438|511|584|657|730|
| One Step Taylor |58.333333333333336|35.0|30.555555555555557|40.55555555555556|48.333333333333336|45.55555555555556|46.666666666666664|33.888888888888886|48.333333333333336|31.666666666666668|
| Fac Loc Reg One Step |58.333333333333336|41.666666666666664|27.77777777777778|39.44444444444444|39.44444444444444|41.111111111111114|55.0|47.22222222222222|56.666666666666664|50.55555555555556|
| Rand Reg One Step |58.333333333333336|36.666666666666664|51.666666666666664|44.44444444444444|51.666666666666664|49.44444444444444|48.888888888888886|41.666666666666664|51.111111111111114|41.666666666666664|
| Facility Location |57.407407407407405|72.22222222222223|73.45679012345678|69.75308641975309|73.45679012345678|82.71604938271605|68.51851851851852|60.49382716049383|74.69135802469135|71.60493827160494|
| FASS |58.333333333333336|45.55555555555556|51.111111111111114|44.44444444444444|56.111111111111114|50.0|63.333333333333336|41.111111111111114|61.666666666666664|47.22222222222222|
| Random |58.333333333333336|70.55555555555556|65.0|73.88888888888889|69.44444444444444|75.55555555555556|74.44444444444444|71.11111111111111|75.55555555555556|73.88888888888889|
| BADGE |82.77777777777777|90.55555555555556|93.88888888888889|95.0|96.11111111111111|95.55555555555556|96.66666666666667|96.66666666666667|97.22222222222223|97.22222222222223|
---------------------------------------------------------------------


Unlabeled data Accuracy
---------------------------------------------------------------------
|Algo                            |73|146|219|292|365|438|511|584|657|730|
| One Step Taylor |52.0260492040521|34.988540870893814|27.265372168284788|32.072226999140156|41.65137614678899|46.607669616519175|54.978813559322035|41.676234213547644|52.63157894736842|27.310344827586206|
| Fac Loc Reg One Step |52.0260492040521|40.64171122994652|25.97087378640777|38.00515907136715|34.4954128440367|32.84169124877089|43.644067796610166|40.18369690011481|44.611528822055135|31.586206896551722|
| Rand Reg One Step |52.0260492040521|35.11450381679389|47.89983844911147|51.6295025728988|43.144424131627055|36.105675146771034|36.421052631578945|38.83826879271071|35.11166253101737|39.1008174386921|
| Facility Location |52.0260492040521|74.33155080213903|75.08090614886731|72.57093723129837|73.57798165137615|81.80924287118977|73.51694915254237|63.605051664753155|72.80701754385964|73.65517241379311|
| FASS |52.0260492040521|49.96180290297937|43.6084142394822|49.09716251074806|49.357798165137616|51.03244837758112|65.78389830508475|43.51320321469575|58.145363408521305|50.48275862068966|
| Random |52.0260492040521|70.57926829268293|65.70048309178743|70.81911262798634|61.97822141560798|71.41472868217055|73.8045738045738|68.27354260089686|68.85644768856447|69.14893617021276|
| BADGE |84.08104196816208|89.83957219251337|94.01294498381877|96.47463456577816|97.79816513761467|98.42674532940019|99.25847457627118|99.88518943742824|100.0|100.0|
---------------------------------------------------------------------
