=======================================
connect_4_fraction:0.1_epochs:200_no of selection:10 2020-09-11 10:31:45.445503
connect_4 :Budget =  0.1
Validation Accuracy
---------------------------------------------------------------------
|Algo                            |548|1096|1644|2192|2740|3288|3836|4384|4932|5480|
| One Step Taylor |45.65877352762599|41.89435336976321|50.151791135397694|55.25197328476017|59.92714025500911|60.35215543412265|60.41287188828172|61.87006678809958|62.052216150576804|63.145112325440195|
| Fac Loc Reg One Step |45.65877352762599|41.6514875531269|48.33029751062538|54.58409228901032|57.680631451123254|60.95931997571342|60.89860352155434|62.5986642380085|62.41651487553127|61.87006678809958|
| Rand Reg One Step |45.65877352762599|45.41590771098968|52.216150576806314|57.680631451123254|60.95931997571342|62.052216150576804|61.2629022465088|61.62720097146327|60.837887067395265|61.62720097146327|
| Facility Location |45.65877352762599|49.0588949605343|50.394656952034|53.73406193078324|53.12689738919247|55.73770491803279|55.67698846387371|56.769884638737096|57.25561627200972|57.923497267759565|
| FASS |45.65877352762599|40.315725561627204|42.50151791135398|45.476624165148756|47.35883424408014|49.0588949605343|51.66970248937462|52.27686703096539|55.13054037644201|56.769884638737096|
| Random |45.65877352762599|50.21250758955677|54.82695810564663|57.923497267759565|58.59137826350941|59.380692167577415|60.95931997571342|59.80570734669095|59.744990892531874|59.56284153005465|
| BADGE |46.63023679417122|51.7304189435337|53.612629022465086|54.462659380692166|56.52701882210079|55.79842137219186|57.437765634486944|58.10564663023679|59.62355798421372|58.95567698846387|
---------------------------------------------------------------------


Test Accuracy
---------------------------------------------------------------------
|Algo                            |548|1096|1644|2192|2740|3288|3836|4384|4932|5480|
| One Step Taylor |46.336429308565535|43.395252837977296|51.34158926728586|55.88235294117647|58.7203302373581|60.62951496388029|60.47471620227038|60.9907120743034|61.40350877192982|61.97110423116615|
| Fac Loc Reg One Step |46.336429308565535|42.72445820433437|50.154798761609904|56.811145510835914|60.9907120743034|61.09391124871001|61.55830753353973|62.074303405572756|63.26109391124871|62.02270381836945|
| Rand Reg One Step |46.336429308565535|45.923632610939116|55.67595459236326|59.64912280701754|61.76470588235294|61.40350877192982|61.55830753353973|61.66150670794634|61.50670794633643|63.673890608875126|
| Facility Location |45.65877352762599|49.0588949605343|50.394656952034|53.73406193078324|53.12689738919247|55.73770491803279|55.67698846387371|56.769884638737096|57.25561627200972|57.923497267759565|
| FASS |46.336429308565535|40.14447884416925|41.434468524251805|44.68524251805986|47.05882352941177|49.32920536635707|50.0|52.476780185758514|54.12796697626419|56.91434468524252|
| Random |46.336429308565535|52.42518059855521|55.72755417956656|59.28792569659443|59.18472652218782|59.13312693498452|60.47471620227038|60.01031991744066|60.8359133126935|59.64912280701754|
| BADGE |45.5108359133127|50.92879256965944|52.37358101135191|53.09597523219814|54.90196078431372|55.417956656346746|57.17234262125903|56.96594427244582|58.30753353973168|59.33952528379773|
---------------------------------------------------------------------


Unlabeled data Accuracy
---------------------------------------------------------------------
|Algo                            |548|1096|1644|2192|2740|3288|3836|4384|4932|5480|
| One Step Taylor |71.3338994314406|25.581829031776817|39.56967367548421|51.36498629302467|59.26125432858792|64.17988800746618|66.65356497130729|69.8029243483789|70.94480597734393|71.92526401299756|
| Fac Loc Reg One Step |71.3338994314406|25.22378039683724|38.91589418946416|51.51538227231191|60.525202000769525|64.70096438015243|68.61685402091031|69.28242212333122|72.45119305856834|72.84321689683185|
| Rand Reg One Step |71.3338994314406|34.66853146853147|49.03726591054674|61.31617521082789|66.51084949215144|69.06506989132336|70.83513460404795|71.94048825060088|72.63233994698369|73.4593595809052|
| Facility Location |71.3338994314406|42.673056840220795|44.42120732534479|48.89963448065794|51.494805694497884|53.202286514232384|54.541702696328905|54.96861093452002|56.75263115610187|57.038992688870835|
| FASS |71.3338994314406|18.504773981799193|20.623257216067525|24.027185501066096|27.031550596383223|29.9599471146368|32.84332992689254|36.900031786395424|41.279023057764924|47.62388302193339|
| Random |71.3338994314406|41.06403610189087|46.480783722682744|49.81535767312597|53.16419173655459|55.279732514287936|58.757073247406474|57.17576961271102|58.6699863464782|58.721425961265176|
| BADGE |71.3357454035295|74.76130091004028|76.24349988695455|77.34160828510508|78.2397075798384|78.92362731373464|80.10966119015801|80.5864589955499|81.14003374307062|81.6795288383428|
---------------------------------------------------------------------
