=======================================
ijcnn1_fraction:0.1_epochs:200_no of selection:10 2020-09-09 11:41:22.841720
ijcnn1 :Budget =  0.1
Validation Accuracy
---------------------------------------------------------------------
|Algo                            |350|700|1050|1400|1750|2100|2450|2800|3150|3500|
| One Step Taylor |76.66898470097358|85.22253129346315|85.9874826147427|87.2913769123783|90.15994436717664|91.77677329624478|92.35048678720445|92.48956884561892|92.62865090403338|92.64603616133519|
| Fac Loc Reg One Step |76.66898470097358|85.22253129346315|85.9874826147427|87.2913769123783|90.15994436717664|91.77677329624478|92.94158553546592|93.9673157162726|94.62795549374131|90.26425591098749|
| Rand Reg One Step |76.66898470097358|82.9624478442281|89.51668984700973|92.43741307371349|93.49791376912378|91.20305980528512|91.98539638386649|93.13282336578581|92.40264255910988|92.4547983310153|
| Facility Location |76.66898470097358|80.19819193324061|78.442280945758|77.95549374130736|80.40681502086231|79.79833101529903|78.96383866481224|80.56328233657858|80.09388038942977|84.16203059805285|
| FASS |76.66898470097358|83.57093184979138|92.17663421418636|93.0980528511822|95.11474269819193|94.64534075104312|95.09735744089012|93.115438108484|91.22044506258693|91.23783031988873|
| Random |76.66898470097358|89.23852573018081|88.43880389429764|90.2990264255911|91.22044506258693|90.49026425591099|92.28094575799722|92.2635605006954|91.88108484005564|87.43045897079277|
| BADGE |75.03477051460362|79.27677329624478|83.58831710709319|84.30111265646731|87.63908205841446|89.30806675938804|90.92489568845619|92.0201668984701|92.75034770514604|93.0980528511822|
---------------------------------------------------------------------


Test Accuracy
---------------------------------------------------------------------
|Algo                            |350|700|1050|1400|1750|2100|2450|2800|3150|3500|
| One Step Taylor |75.81209825528008|81.36765381083563|87.04086317722681|90.14577594123048|91.56910009182737|92.80016069788797|93.06990358126721|93.41138659320478|92.69685491276401|94.01687327823691|
| Fac Loc Reg One Step |75.81209825528008|81.36765381083563|87.04086317722681|90.14577594123048|91.56910009182737|92.80016069788797|93.6352157943067|93.29373278236915|93.2363406795225|89.02662993572085|
| Rand Reg One Step |75.81209825528008|81.40208907254362|88.8200183654729|92.77146464646465|94.4760101010101|92.23771808999082|93.19616620752984|94.24644168962351|93.49460514233242|93.8217401285583|
| Facility Location |76.66898470097358|80.19819193324061|78.442280945758|77.95549374130736|80.40681502086231|79.79833101529903|78.96383866481224|80.56328233657858|80.09388038942977|84.16203059805285|
| FASS |75.81209825528008|81.90140036730946|89.81577134986226|92.80589990817263|92.92642332415059|94.43870523415978|94.63670798898072|93.5290404040404|93.758608815427|94.0426997245179|
| Random |75.81209825528008|89.13854453627181|90.1916896235078|91.54901285583104|92.07128099173553|91.24196510560147|92.56772268135904|93.49460514233242|91.75275482093664|90.57621671258035|
| BADGE |75.22669880624426|77.089072543618|79.9041551882461|81.31026170798899|85.73232323232324|88.53879706152433|91.45144628099173|93.01251147842056|93.91356749311295|94.23496326905418|
---------------------------------------------------------------------


Unlabeled data Accuracy
---------------------------------------------------------------------
|Algo                            |350|700|1050|1400|1750|2100|2450|2800|3150|3500|
| One Step Taylor |91.45165945165945|90.28862973760933|92.88659793814433|95.69047619047619|96.70977443609023|96.84802431610942|96.73732718894009|97.80745341614907|93.73940345368916|97.53015873015873|
| Fac Loc Reg One Step |91.45165945165945|90.28862973760933|92.88659793814433|95.69047619047619|96.70977443609023|96.84802431610942|97.53917050691244|97.54968944099379|97.79591836734694|93.83492063492064|
| Rand Reg One Step |91.45165945165945|89.76093294460641|94.98674521354934|96.51190476190476|96.43909774436091|94.57142857142857|97.02918586789555|97.63664596273291|96.50549450549451|97.38095238095238|
| Facility Location |91.45165945165945|91.05830903790087|91.42857142857143|91.83035714285714|91.97293233082706|91.2370820668693|91.38556067588326|91.38509316770187|91.11145996860283|91.65714285714286|
| FASS |91.45165945165945|94.0466472303207|95.59941089837997|96.74107142857143|96.5593984962406|96.8145896656535|97.47772657450076|98.06521739130434|98.52119309262166|98.60317460317461|
| Random |91.45165945165945|90.23323615160349|89.8880706921944|91.92261904761905|93.05563909774436|91.19452887537994|92.26728110599079|93.08695652173913|90.50863422291994|91.08571428571429|
| BADGE |90.3001443001443|91.7930029154519|93.27245949926362|94.67857142857143|96.04812030075188|96.93313069908815|97.67434715821813|98.14596273291926|98.44270015698586|98.68253968253968|
---------------------------------------------------------------------
