=======================================
shrink_large_linsep_4_fraction:0.2_epochs:200_no of selection:10 2020-08-31 01:04:49.613354
shrink_large_linsep_4 :Budget =  0.2
Validation Accuracy
---------------------------------------------------------------------
|Algo                            |70|140|210|280|350|420|490|560|630|700|
| Taylor Online |89.4|99.8|100.0|100.0|100.0|100.0|100.0|100.0|100.0|100.0|
| Full OneStep |89.4|99.8|100.0|100.0|100.0|100.0|100.0|100.0|100.0|100.0|
| Facloc Regularized |89.4|99.8|100.0|100.0|100.0|100.0|100.0|100.0|100.0|100.0|
| Random Greedy |89.4|99.8|100.0|100.0|100.0|100.0|100.0|100.0|100.0|100.0|
| Facility Location |99.0|100.0|100.0|100.0|100.0|100.0|100.0|100.0|100.0|100.0|
| FASS |89.4|99.6|99.8|98.4|98.4|100.0|100.0|100.0|100.0|100.0|
| Random |89.4|99.2|99.8|100.0|100.0|100.0|100.0|100.0|100.0|100.0|
| Random Perturbation |89.4|100.0|100.0|100.0|100.0|100.0|100.0|100.0|100.0|100.0|
| BADGE |100.0|100.0|100.0|100.0|100.0|100.0|100.0|100.0|100.0|100.0|
---------------------------------------------------------------------


Test Accuracy
---------------------------------------------------------------------
|Algo                            |70|140|210|280|350|420|490|560|630|700|
| Taylor Online |88.8|100.0|100.0|100.0|100.0|100.0|100.0|100.0|100.0|100.0|
| Full OneStep |88.8|100.0|100.0|100.0|100.0|100.0|100.0|100.0|100.0|100.0|
| Facloc Regularized |88.8|100.0|100.0|100.0|100.0|100.0|100.0|100.0|100.0|100.0|
| Random Greedy |88.8|100.0|100.0|100.0|100.0|100.0|100.0|100.0|100.0|100.0|
| Facility Location |99.0|100.0|100.0|100.0|100.0|100.0|100.0|100.0|100.0|100.0|
| FASS |88.8|99.0|99.8|97.9|97.3|100.0|100.0|100.0|100.0|100.0|
| Random |88.8|99.6|100.0|100.0|100.0|100.0|100.0|100.0|100.0|100.0|
| Random Perturbation |88.8|100.0|100.0|100.0|100.0|100.0|100.0|100.0|100.0|100.0|
| BADGE |100.0|100.0|100.0|100.0|100.0|100.0|100.0|100.0|100.0|100.0|
---------------------------------------------------------------------


Unlabeled data Accuracy
---------------------------------------------------------------------
|Algo                            |70|140|210|280|350|420|490|560|630|700|
| Taylor Online |82.74052478134111|96.30952380952381|97.68996960486322|98.22981366459628|98.22222222222223|98.24675324675324|98.37209302325581|98.60544217687075|98.88501742160278|99.17857142857143|
| Full OneStep |82.74052478134111|96.39880952380952|97.81155015197568|97.98136645962732|98.06349206349206|98.11688311688312|98.20598006644518|98.12925170068027|98.01393728222996|98.0|
| Facloc Regularized |82.74052478134111|96.39880952380952|97.62917933130699|98.1055900621118|98.12698412698413|98.37662337662337|98.6046511627907|98.63945578231292|98.98954703832753|99.32142857142857|
| Random Greedy |82.74052478134111|96.36904761904762|97.78115501519757|98.1055900621118|98.12698412698413|98.27922077922078|98.37209302325581|98.57142857142857|98.81533101045297|99.03571428571429|
| Facility Location |92.71137026239067|97.5|97.90273556231003|97.88819875776397|98.22222222222223|98.24675324675324|98.27242524916943|98.33333333333333|98.36236933797909|98.35714285714286|
| FASS |82.74052478134111|92.38095238095238|94.55927051671732|91.58385093167702|91.2063492063492|95.55194805194805|98.27242524916943|98.50340136054422|98.6411149825784|98.78571428571429|
| Random |82.74052478134111|93.06547619047619|96.26139817629179|97.70186335403727|98.0|98.08441558441558|98.07308970099668|98.06122448979592|98.11846689895471|98.14285714285714|
| Random Perturbation |82.74052478134111|97.79761904761905|97.72036474164133|97.82608695652173|97.71428571428571|97.6948051948052|97.70764119601328|97.72108843537416|97.8397212543554|98.0|
| BADGE |98.21428571428571|98.48024316109422|98.32298136645963|98.34920634920636|98.66883116883118|98.53820598006645|98.74149659863946|98.81533101045297|98.92857142857143|99.01098901098901|
---------------------------------------------------------------------
