=======================================
satimage_fraction:0.3_epochs:200_no of selection:10 2020-09-12 20:15:25.570307
satimage :Budget =  0.3
Validation Accuracy
---------------------------------------------------------------------
|Algo                            |71|142|213|284|355|426|497|568|639|710|
| One Step Taylor |58.94736842105263|65.78947368421052|72.45614035087719|72.98245614035088|79.82456140350877|80.0|73.33333333333333|78.0701754385965|82.10526315789474|78.24561403508773|
| Fac Loc Reg One Step |58.94736842105263|64.73684210526316|62.10526315789474|74.73684210526316|71.57894736842105|66.84210526315789|71.75438596491227|72.45614035087719|74.73684210526316|72.28070175438596|
| Rand Reg One Step |58.94736842105263|77.36842105263158|78.7719298245614|75.96491228070175|84.03508771929825|83.50877192982456|74.3859649122807|67.71929824561404|72.28070175438596|70.87719298245614|
| Facility Location |58.94736842105263|74.3859649122807|76.49122807017544|76.3157894736842|64.73684210526316|76.49122807017544|77.36842105263158|77.89473684210526|77.89473684210526|78.59649122807018|
| FASS |58.94736842105263|80.52631578947368|75.08771929824562|79.47368421052632|74.3859649122807|82.10526315789474|78.24561403508773|81.40350877192982|80.0|80.52631578947368|
| Random |58.94736842105263|80.17543859649123|81.2280701754386|78.59649122807018|78.59649122807018|74.56140350877193|74.21052631578948|68.0701754385965|63.68421052631579|67.19298245614036|
| BADGE |58.94736842105263|65.26315789473684|61.92982456140351|64.56140350877193|67.19298245614036|69.29824561403508|68.94736842105263|75.78947368421052|73.50877192982456|76.49122807017544|
---------------------------------------------------------------------


Test Accuracy
---------------------------------------------------------------------
|Algo                            |71|142|213|284|355|426|497|568|639|710|
| One Step Taylor |58.451816745655606|63.665086887835706|73.77567140600316|72.82780410742497|80.48973143759873|81.5955766192733|75.27646129541864|79.38388625592417|84.12322274881517|79.85781990521328|
| Fac Loc Reg One Step |58.451816745655606|63.27014218009479|65.95576619273302|74.01263823064771|71.56398104265404|66.27172195892575|72.98578199052133|72.82780410742497|76.14533965244865|72.59083728278041|
| Rand Reg One Step |58.451816745655606|76.06635071090048|79.46287519747236|75.5134281200632|82.93838862559242|83.25434439178515|75.82938388625593|68.72037914691943|72.82780410742497|70.61611374407583|
| Facility Location |58.451816745655606|75.19747235387045|77.33017377567141|77.33017377567141|65.32385466034755|77.8041074249605|78.51500789889415|78.19905213270142|78.51500789889415|78.43601895734596|
| FASS |58.451816745655606|80.72669826224329|76.14533965244865|78.83096366508688|72.1169036334913|82.14849921011059|78.67298578199052|83.0173775671406|80.80568720379146|80.72669826224329|
| Random |58.451816745655606|81.67456556082149|81.83254344391786|80.173775671406|78.98894154818325|75.5134281200632|73.61769352290679|68.72037914691943|63.665086887835706|68.00947867298578|
| BADGE |58.451816745655606|65.79778830963664|62.401263823064774|65.5608214849921|69.74723538704582|69.74723538704582|70.3001579778831|76.38230647709321|74.32859399684044|76.69826224328594|
---------------------------------------------------------------------


Unlabeled data Accuracy
---------------------------------------------------------------------
|Algo                            |71|142|213|284|355|426|497|568|639|710|
| One Step Taylor |78.95659798334064|49.95475113122172|64.6096306685367|79.49709864603481|79.76965448172258|85.72170301142263|73.31536388140162|87.33183856502242|89.55049620548745|90.56029232643118|
| Fac Loc Reg One Step |78.95659798334064|49.00452488687783|53.52968676951846|80.85106382978724|82.17325988983475|84.11214953271028|85.12129380053908|88.2286995515695|87.33216579100993|90.19488428745433|
| Rand Reg One Step |78.95659798334064|77.70239710538218|83.69920597851471|85.2728150651859|86.3568215892054|85.44795442775764|88.01719505642127|87.99553322166388|90.18012783265543|92.00484554815263|
| Facility Location |78.95659798334064|80.22624434389141|82.2814399251987|82.25338491295938|83.47521281922884|83.74870197300103|83.66576819407008|84.13677130044843|83.77116170461179|86.23629719853837|
| FASS |78.95659798334064|82.08144796380091|83.30995792426367|85.34816247582205|87.38107160741112|89.1484942886812|90.5121293800539|91.70403587443946|92.06071220081728|92.93544457978075|
| Random |78.95659798334064|81.30925507900677|82.03815728245695|81.80508881421028|78.97868120971741|82.47052793439262|79.6816976127321|84.66190214403518|82.7153451226469|85.24007113218731|
| BADGE |78.86891714160456|83.89140271493213|83.49696119682095|84.23597678916828|83.77566349524287|84.42367601246106|85.87601078167116|86.7152466367713|85.23058960887332|89.09866017052376|
---------------------------------------------------------------------
