=======================================
satimage_fraction:0.2_epochs:200_no of selection:10 2020-09-05 11:32:13.924825
satimage :Budget =  0.2
Validation Accuracy
---------------------------------------------------------------------
|Algo                            |0|48|96|144|192|240|288|336|384|432|
| One Step Taylor |65.6140350877193|70.70175438596492|72.80701754385964|72.63157894736842|71.2280701754386|73.15789473684211|73.15789473684211|73.33333333333333|73.33333333333333|73.85964912280701|
| Fac Loc Reg One Step |65.6140350877193|66.14035087719299|67.54385964912281|69.29824561403508|69.82456140350877|71.2280701754386|72.45614035087719|72.28070175438596|72.28070175438596|72.45614035087719|
| Rand Reg One Step |65.6140350877193|71.2280701754386|73.33333333333333|74.73684210526316|71.9298245614035|72.45614035087719|73.6842105263158|73.15789473684211|74.21052631578948|73.50877192982456|
| Facility Location |65.6140350877193|70.52631578947368|71.05263157894737|71.57894736842105|71.40350877192982|70.35087719298245|71.40350877192982|71.75438596491227|71.40350877192982|71.9298245614035|
| FASS |65.6140350877193|72.28070175438596|72.28070175438596|73.15789473684211|72.98245614035088|72.63157894736842|72.63157894736842|72.63157894736842|73.50877192982456|72.98245614035088|
| Random |65.6140350877193|72.80701754385964|75.26315789473684|77.71929824561404|78.94736842105263|78.7719298245614|78.42105263157895|78.59649122807018|78.42105263157895|79.12280701754386|
| BADGE |67.89473684210526|68.24561403508773|68.59649122807018|69.64912280701755|69.64912280701755|70.35087719298245|70.17543859649123|69.82456140350877|70.0|69.12280701754386|
---------------------------------------------------------------------


Test Accuracy
---------------------------------------------------------------------
|Algo                            |0|48|96|144|192|240|288|336|384|432|
| One Step Taylor |66.5086887835703|72.74881516587678|73.53870458135862|73.69668246445498|73.06477093206951|74.72353870458136|74.88151658767772|74.88151658767772|75.11848341232228|75.75039494470774|
| Fac Loc Reg One Step |66.5086887835703|67.53554502369668|69.74723538704582|71.7219589257504|71.48499210110585|72.82780410742497|72.74881516587678|72.74881516587678|72.90679304897314|73.22274881516587|
| Rand Reg One Step |66.5086887835703|73.53870458135862|73.45971563981043|75.03949447077409|72.59083728278041|72.35387045813586|74.01263823064771|73.61769352290679|74.17061611374407|73.61769352290679|
| Facility Location |65.6140350877193|70.52631578947368|71.05263157894737|71.57894736842105|71.40350877192982|70.35087719298245|71.40350877192982|71.75438596491227|71.40350877192982|71.9298245614035|
| FASS |66.5086887835703|74.24960505529226|74.32859399684044|73.30173775671406|72.66982622432859|72.90679304897314|73.1437598736177|73.1437598736177|73.06477093206951|72.98578199052133|
| Random |66.5086887835703|74.0916271721959|75.67140600315956|77.8041074249605|78.59399684044234|79.06793048973144|79.2259083728278|78.59399684044234|78.67298578199052|78.90995260663507|
| BADGE |68.72037914691943|69.11532385466035|69.826224328594|71.40600315955766|70.3001579778831|69.74723538704582|70.69510268562401|70.45813586097947|70.93206951026856|71.48499210110585|
---------------------------------------------------------------------


Unlabeled data Accuracy
---------------------------------------------------------------------
|Algo                            |0|48|96|144|192|240|288|336|384|432|
| One Step Taylor |79.25347222222223|82.89007092198581|83.46920289855072|83.61111111111111|83.94886363636364|84.64147286821705|85.81349206349206|86.58536585365853|87.65625|88.19444444444444|
| Fac Loc Reg One Step |79.25347222222223|81.072695035461|81.70289855072464|82.5|82.90719696969697|84.06007751937985|82.93650793650794|84.90853658536585|85.88541666666667|87.07264957264957|
| Rand Reg One Step |79.25347222222223|83.16349136021267|83.2579185520362|83.21775312066575|83.17580340264651|83.66360560657323|84.4708209693373|85.62025316455696|85.99585062240664|86.86868686868686|
| Facility Location |79.25347222222223|81.51595744680851|82.3822463768116|82.5|83.14393939393939|82.65503875968992|82.14285714285714|82.3170731707317|82.44791666666667|82.58547008547009|
| FASS |79.25347222222223|82.75709219858156|83.2427536231884|84.44444444444444|84.75378787878788|85.80426356589147|86.06150793650794|86.78861788617886|87.39583333333333|88.35470085470085|
| Random |79.25347222222223|81.69326241134752|80.1177536231884|80.92592592592592|81.39204545454545|82.60658914728683|82.09325396825396|82.26626016260163|82.29166666666667|82.58547008547009|
| BADGE |80.31914893617021|81.70289855072464|83.24074074074075|84.56439393939394|84.35077519379846|85.1686507936508|85.67073170731707|86.35416666666667|86.27136752136752|86.95175438596492|
---------------------------------------------------------------------
