=======================================
letter_fraction:0.3_epochs:200_no of selection:10 2020-09-09 13:47:51.165500
letter :Budget =  0.3
Validation Accuracy
---------------------------------------------------------------------
|Algo                            |239|478|717|956|1195|1434|1673|1912|2151|2390|
| One Step Taylor |44.630872483221474|34.69282395456892|41.042849767681986|32.163138874548274|35.54465668559628|36.18998451213216|38.82292204439855|32.240578213732576|34.25400103252452|36.83531233866805|
| Fac Loc Reg One Step |44.630872483221474|29.63345379452762|26.122870418172432|38.79710893133712|40.03613835828601|35.8544140423335|39.9586990191017|35.51884357253485|40.604026845637584|40.08776458440888|
| Rand Reg One Step |44.630872483221474|36.18998451213216|34.53794527620031|34.56375838926174|44.03717088280847|33.866804336602996|44.630872483221474|39.72638100154879|35.8544140423335|35.028394424367576|
| Facility Location |44.630872483221474|48.78678368611254|44.29530201342282|39.90707279297883|42.101187403200825|37.32576148683531|39.364997418688695|36.08673205988642|37.893649974186886|34.899328859060404|
| FASS |44.630872483221474|29.659266907589057|40.913784202374806|30.2787816210635|41.84305627258647|35.59628291171915|36.215797625193595|33.505420753742904|36.03510583376355|39.519876097057306|
| Random |44.630872483221474|33.78936499741869|47.2896231285493|47.16055756324213|46.10221992772328|43.26277749096541|47.52194114610222|51.058337635518846|49.89674754775426|47.47031491997935|
| BADGE |35.64790913784202|49.40629839958699|54.85286525554982|59.421786267423855|63.267940113577694|65.59112028910687|67.83686112545173|69.85028394424367|71.24419204956118|73.15436241610739|
---------------------------------------------------------------------


Test Accuracy
---------------------------------------------------------------------
|Algo                            |239|478|717|956|1195|1434|1673|1912|2151|2390|
| One Step Taylor |45.00230308613542|34.56932289267618|41.20221096269|32.865039152464306|36.18148318747121|35.60571165361584|39.63611239060341|33.21050207277752|35.536619069553204|37.125748502994014|
| Fac Loc Reg One Step |45.00230308613542|29.548595117457392|26.11699677567941|38.668816213726394|40.46522339935514|34.7535697835099|41.73192077383694|35.23721787194841|41.15614923998157|40.879778903731|
| Rand Reg One Step |45.00230308613542|37.1027176416398|34.500230308613546|34.4311377245509|43.82772915707047|34.315983417779826|44.56471672040534|41.59373560571165|37.171810225702444|35.536619069553204|
| Facility Location |44.630872483221474|48.78678368611254|44.29530201342282|39.90707279297883|42.101187403200825|37.32576148683531|39.364997418688695|36.08673205988642|37.893649974186886|34.899328859060404|
| FASS |45.00230308613542|29.47950253339475|40.211883924458775|30.63104560110548|41.38645785352372|36.02026715799171|35.14509442653155|33.99355135882082|37.01059419622294|39.68217411331184|
| Random |45.00230308613542|34.63841547673883|46.59143251957623|48.73330262551819|45.854444956241366|42.67618608935974|47.19023491478581|50.322432058959|50.50667894979272|48.04237678489176|
| BADGE |36.45785352372179|49.0557346844772|54.99769691386458|58.70566559189314|63.910640257945644|66.16766467065868|68.88530631045602|70.24412713035467|71.51082450483648|73.46844771994472|
---------------------------------------------------------------------


Unlabeled data Accuracy
---------------------------------------------------------------------
|Algo                            |239|478|717|956|1195|1434|1673|1912|2151|2390|
| One Step Taylor |55.265549928580704|42.24068614312517|49.93769901702893|38.301832760595644|44.46256486286138|41.34644943129419|50.96537418222435|40.02986065029861|43.35809293487649|47.153153153153156|
| Fac Loc Reg One Step |55.265549928580704|38.9573840793353|34.65319119479441|46.878579610538374|47.62045959970349|43.49830925299723|50.662198819211746|45.03981420039814|54.18897909828986|53.31531531531532|
| Rand Reg One Step |55.265549928580704|46.13426236098084|44.996539792387544|41.03334764562759|52.05215587494444|44.755029949316544|51.06009883628248|51.317315658657826|47.30032775573572|46.93290160100737|
| Facility Location |55.265549928580704|61.53846153846154|56.14010798837048|49.7852233676976|51.534469977761304|46.941284967722105|49.36971437689485|45.802919708029194|47.27932285368803|44.57657657657658|
| FASS |55.265549928580704|32.846421870812115|47.860999584660114|34.264032073310425|45.159377316530765|41.945896095911465|47.08792085527366|43.613138686131386|45.068232855415445|50.468468468468465|
| Random |55.265549928580704|27.735368956743002|43.025024194663345|45.42077439634233|46.28233555062823|58.49027713979483|65.18977290773384|70.16328550222661|68.12489277749185|65.54066130473637|
| BADGE |48.4192575101666|64.04387865655471|68.6074177746676|73.32754126846221|76.7811609419529|79.13814561294338|81.40248828566813|82.73949579831933|84.83628086149535|86.36695906432749|
---------------------------------------------------------------------
