=======================================
dna_fraction:0.1_epochs:200_no of selection:10 2020-08-31 01:08:41.575096
dna :Budget =  0.1
Validation Accuracy
---------------------------------------------------------------------
|Algo                            |14|28|42|56|70|84|98|112|126|140|
| Taylor Online |57.5|77.83333333333333|84.16666666666667|88.0|90.83333333333333|91.0|91.33333333333333|92.16666666666667|92.0|93.0|
| Full OneStep |57.5|78.16666666666667|86.16666666666667|89.66666666666667|92.5|93.83333333333333|93.33333333333333|94.16666666666667|95.16666666666667|95.16666666666667|
| Facloc Regularized |57.5|76.16666666666667|85.83333333333333|88.83333333333333|89.33333333333333|90.66666666666667|92.33333333333333|92.83333333333333|94.33333333333333|94.5|
| Random Greedy |57.5|74.83333333333333|84.0|88.0|88.16666666666667|92.5|92.16666666666667|91.0|91.5|92.5|
| Facility Location |56.0|62.166666666666664|67.5|69.5|71.66666666666667|73.33333333333333|74.33333333333333|76.83333333333333|77.16666666666667|78.5|
| FASS |57.5|68.16666666666667|74.16666666666667|79.33333333333333|81.33333333333333|83.33333333333333|83.33333333333333|86.66666666666667|88.16666666666667|88.16666666666667|
| Random |57.5|66.16666666666667|72.66666666666667|77.5|79.83333333333333|80.0|80.5|81.5|82.16666666666667|82.16666666666667|
| Random Perturbation |57.5|67.33333333333333|71.66666666666667|79.33333333333333|79.83333333333333|80.66666666666667|82.5|83.33333333333333|84.16666666666667|84.66666666666667|
| BADGE |48.166666666666664|64.0|67.5|68.16666666666667|77.66666666666667|76.33333333333333|77.33333333333333|76.33333333333333|83.0|84.5|
---------------------------------------------------------------------


Test Accuracy
---------------------------------------------------------------------
|Algo                            |14|28|42|56|70|84|98|112|126|140|
| Taylor Online |52.44519392917369|70.65767284991568|79.93254637436762|83.47386172006745|84.82293423271501|85.49747048903879|86.76222596964587|87.2681281618887|88.02698145025295|88.7858347386172|
| Full OneStep |52.44519392917369|69.3929173693086|77.99325463743676|80.69139966273187|83.22091062394604|83.55817875210792|84.48566610455312|85.7504215851602|87.52107925801012|88.02698145025295|
| Facloc Regularized |52.44519392917369|70.65767284991568|79.25801011804384|82.54637436762226|84.2327150084317|86.84654300168634|87.2681281618887|87.68971332209107|88.27993254637437|88.44856661045532|
| Random Greedy |52.44519392917369|69.73018549747049|76.89713322091062|80.18549747048904|80.52276559865092|82.96795952782462|83.89544688026982|84.06408094435076|83.30522765598651|85.07588532883642|
| Facility Location |56.0|62.166666666666664|67.5|69.5|71.66666666666667|73.33333333333333|74.33333333333333|76.83333333333333|77.16666666666667|78.5|
| FASS |52.44519392917369|64.75548060708263|71.92242833052276|74.78920741989882|77.57166947723441|79.93254637436762|81.95615514333896|82.88364249578414|84.31703204047217|84.48566610455312|
| Random |52.44519392917369|64.2495784148398|69.13996627318718|74.11467116357504|76.89713322091062|77.31871838111299|77.65598650927487|78.24620573355818|80.43844856661046|80.86003372681282|
| Random Perturbation |52.44519392917369|64.75548060708263|69.73018549747049|73.94603709949409|75.88532883642496|77.31871838111299|77.99325463743676|79.00505902192243|80.69139966273187|81.95615514333896|
| BADGE |47.048903878583474|58.68465430016863|64.8397976391231|65.7672849915683|74.28330522765599|72.42833052276559|74.78920741989882|74.95784148397976|80.01686340640809|79.25801011804384|
---------------------------------------------------------------------


Unlabeled data Accuracy
---------------------------------------------------------------------
|Algo                            |14|28|42|56|70|84|98|112|126|140|
| Taylor Online |54.256854256854254|74.19825072886297|81.51693667157585|83.7797619047619|84.88721804511279|86.70212765957447|86.32872503840245|86.49068322981367|87.44113029827315|88.80952380952381|
| Full OneStep |54.256854256854254|73.25072886297376|80.78055964653903|82.29166666666667|84.3609022556391|85.03039513677811|84.715821812596|86.1024844720497|86.81318681318682|87.06349206349206|
| Facloc Regularized |54.256854256854254|73.25072886297376|81.22238586156112|83.63095238095238|84.13533834586467|86.4741641337386|87.17357910906298|87.96583850931677|88.61852433281005|89.52380952380952|
| Random Greedy |54.256854256854254|72.39621267297888|78.30882352941177|82.99925760950259|83.5832083958021|85.31415594246782|85.85626911314985|85.86872586872587|87.05148205928238|87.78565799842396|
| Facility Location |57.21500721500721|62.755102040816325|68.26215022091311|68.75|70.37593984962406|71.42857142857143|72.58064516129032|73.21428571428571|73.31240188383046|73.80952380952381|
| FASS |54.256854256854254|68.07580174927114|73.49042709867452|76.93452380952381|78.87218045112782|81.45896656534954|82.79569892473118|83.30745341614907|84.92935635792779|85.39682539682539|
| Random |54.256854256854254|63.84839650145773|70.3240058910162|74.85119047619048|76.84210526315789|77.65957446808511|78.57142857142857|80.20186335403727|80.92621664050236|81.19047619047619|
| Random Perturbation |54.256854256854254|66.61807580174927|71.5758468335788|75.22321428571429|76.09022556390977|77.65957446808511|78.87864823348694|79.5031055900621|80.4552590266876|83.17460317460318|
| BADGE |46.93877551020408|58.910162002945505|66.66666666666667|66.01503759398496|73.02431610942249|72.42703533026113|73.3695652173913|77.31554160125589|80.47619047619048|80.65810593900481|
---------------------------------------------------------------------
