=======================================
expand_large_linsep_4_fraction:0.4_epochs:200_no of selection:10 2020-08-31 02:16:00.026345
expand_large_linsep_4 :Budget =  0.4
Validation Accuracy
---------------------------------------------------------------------
|Algo                            |140|280|420|560|700|840|980|1120|1260|1400|
| Taylor Online |75.6|89.2|91.8|92.4|93.0|93.0|93.4|93.4|93.4|93.4|
| Full OneStep |75.6|89.0|91.2|92.0|92.2|92.4|92.4|92.6|92.8|92.8|
| Facloc Regularized |75.6|88.4|91.6|92.4|92.6|93.0|93.0|93.0|93.0|92.8|
| Random Greedy |75.6|89.0|92.0|93.0|93.0|93.4|93.4|93.4|93.4|93.4|
| Facility Location |81.2|90.6|91.6|92.8|92.6|92.8|93.2|93.2|93.2|93.2|
| FASS |75.6|77.0|81.4|91.4|91.8|93.2|93.4|93.8|93.6|93.6|
| Random |75.6|90.0|92.2|92.6|93.0|92.6|92.6|92.8|92.8|93.0|
| Random Perturbation |75.6|91.6|92.4|92.4|92.2|92.4|92.6|92.6|92.8|93.0|
| BADGE |90.2|90.6|92.8|90.6|91.4|91.8|89.0|91.8|90.2|93.6|
---------------------------------------------------------------------


Test Accuracy
---------------------------------------------------------------------
|Algo                            |140|280|420|560|700|840|980|1120|1260|1400|
| Taylor Online |77.2|90.8|92.9|94.1|94.3|94.5|94.4|94.4|94.6|94.6|
| Full OneStep |77.2|90.7|92.1|92.7|93.7|94.2|94.4|94.3|94.5|94.3|
| Facloc Regularized |77.2|90.4|92.1|93.2|94.4|94.6|94.4|94.5|94.7|94.9|
| Random Greedy |77.2|90.9|92.6|94.4|94.4|94.5|94.6|94.6|94.6|94.7|
| Facility Location |81.2|90.6|91.6|92.8|92.6|92.8|93.2|93.2|93.2|93.2|
| FASS |77.2|78.0|82.8|93.4|93.8|93.8|93.9|94.3|94.5|94.7|
| Random |77.2|92.1|93.0|93.8|94.5|94.5|94.4|94.6|94.5|94.6|
| Random Perturbation |77.2|92.8|92.9|93.5|93.7|94.4|94.6|94.6|94.5|94.5|
| BADGE |92.0|91.8|94.0|91.5|93.3|92.8|91.1|92.9|92.2|93.9|
---------------------------------------------------------------------


Unlabeled data Accuracy
---------------------------------------------------------------------
|Algo                            |140|280|420|560|700|840|980|1120|1260|1400|
| Taylor Online |78.92857142857143|97.79503105590062|99.74025974025975|99.89795918367346|100.0|100.0|100.0|100.0|100.0|100.0|
| Full OneStep |78.92857142857143|97.85714285714286|99.15584415584415|99.38775510204081|99.57142857142857|99.66165413533835|99.8015873015873|99.83193277310924|99.82142857142857|99.80952380952381|
| Facloc Regularized |78.92857142857143|97.6086956521739|99.28571428571429|99.82993197278911|100.0|100.0|100.0|100.0|100.0|100.0|
| Random Greedy |78.92857142857143|98.01242236024845|99.54545454545455|99.96598639455782|100.0|100.0|100.0|100.0|100.0|100.0|
| Facility Location |87.67857142857143|99.03726708074534|99.74025974025975|99.8639455782313|99.85714285714286|99.9624060150376|100.0|100.0|100.0|100.0|
| FASS |78.92857142857143|76.0248447204969|80.84415584415585|99.72789115646259|99.92857142857143|100.0|100.0|100.0|100.0|100.0|
| Random |78.92857142857143|99.44099378881988|99.8051948051948|99.93197278911565|99.96428571428571|99.9624060150376|99.96031746031746|99.95798319327731|99.95535714285714|99.95238095238095|
| Random Perturbation |78.92857142857143|99.75155279503106|99.8051948051948|99.89795918367346|99.92857142857143|99.9624060150376|99.96031746031746|99.95798319327731|99.95535714285714|99.95238095238095|
| BADGE |99.59627329192547|99.22077922077922|99.93197278911565|99.92857142857143|100.0|99.96031746031746|100.0|99.95535714285714|100.0|100.0|
---------------------------------------------------------------------
