=======================================
red_conv_shift_large_linsep_4_fraction:0.4_epochs:200_no of selection:10 2020-08-31 01:26:35.522372
red_conv_shift_large_linsep_4 :Budget =  0.4
Validation Accuracy
---------------------------------------------------------------------
|Algo                            |140|280|420|560|700|840|980|1120|1260|1400|
| Taylor Online |74.0|81.4|81.8|83.4|84.4|84.0|83.8|83.8|83.8|83.8|
| Full OneStep |74.0|81.4|82.6|83.2|84.6|84.6|84.0|84.0|84.0|84.0|
| Facloc Regularized |74.0|77.4|76.4|76.6|78.0|79.0|79.6|79.8|80.0|79.8|
| Random Greedy |74.0|81.4|81.2|83.4|84.4|84.0|83.4|83.4|83.4|83.4|
| Facility Location |81.8|80.4|79.8|79.0|78.8|78.6|78.4|78.4|78.4|78.2|
| FASS |74.0|87.6|86.2|84.2|83.2|82.6|81.8|81.6|80.2|79.6|
| Random |74.0|77.6|79.4|79.0|79.4|80.0|79.8|79.8|79.2|78.8|
| Random Perturbation |74.0|83.0|83.0|82.6|82.8|82.6|82.0|81.6|81.2|80.6|
| BADGE |76.4|78.0|77.0|78.2|78.6|78.2|77.4|77.0|76.6|77.0|
---------------------------------------------------------------------


Test Accuracy
---------------------------------------------------------------------
|Algo                            |140|280|420|560|700|840|980|1120|1260|1400|
| Taylor Online |74.4|82.0|82.3|84.0|84.6|84.7|84.7|84.6|84.6|84.5|
| Full OneStep |74.4|82.7|83.0|83.3|84.7|84.8|85.0|84.8|84.7|84.7|
| Facloc Regularized |74.4|78.8|77.7|76.9|79.2|79.8|80.3|80.5|80.5|80.6|
| Random Greedy |74.4|81.9|81.6|83.6|84.6|84.7|84.6|84.4|84.4|84.2|
| Facility Location |81.8|80.4|79.8|79.0|78.8|78.6|78.4|78.4|78.4|78.2|
| FASS |74.4|87.1|85.6|84.3|84.0|83.4|82.7|81.8|81.2|80.8|
| Random |74.4|78.5|80.4|80.4|79.9|79.9|80.0|80.1|79.6|79.4|
| Random Perturbation |74.4|83.9|83.8|83.2|83.4|83.4|83.0|82.1|81.9|81.7|
| BADGE |76.5|78.8|78.3|79.4|79.7|79.3|78.5|78.0|78.2|78.3|
---------------------------------------------------------------------


Unlabeled data Accuracy
---------------------------------------------------------------------
|Algo                            |140|280|420|560|700|840|980|1120|1260|1400|
| Taylor Online |97.11309523809524|97.88819875776397|98.63636363636364|99.21768707482993|99.21428571428571|99.43609022556392|99.48412698412699|99.45378151260505|99.41964285714286|99.38095238095238|
| Full OneStep |97.11309523809524|97.79503105590062|98.57142857142857|99.18367346938776|99.28571428571429|99.3984962406015|99.44444444444444|99.45378151260505|99.41964285714286|99.38095238095238|
| Facloc Regularized |97.11309523809524|97.51552795031056|98.11688311688312|98.91156462585035|99.42857142857143|99.69924812030075|99.76190476190476|99.74789915966386|99.73214285714286|99.71428571428571|
| Random Greedy |97.11309523809524|97.9192546583851|98.7012987012987|99.08163265306122|99.14285714285714|99.3984962406015|99.48412698412699|99.45378151260505|99.41964285714286|99.38095238095238|
| Facility Location |96.93452380952381|97.7639751552795|98.01948051948052|98.12925170068027|98.21428571428571|98.42105263157895|98.33333333333333|98.31932773109244|98.39285714285714|98.57142857142857|
| FASS |97.11309523809524|96.45962732919254|97.17532467532467|97.99319727891157|98.42857142857143|98.83458646616542|99.12698412698413|99.32773109243698|99.41964285714286|99.42857142857143|
| Random |97.11309523809524|97.6086956521739|97.72727272727273|97.65306122448979|97.71428571428571|97.70676691729324|97.65873015873017|97.6470588235294|97.85714285714286|97.85714285714286|
| Random Perturbation |97.11309523809524|97.26708074534162|97.27272727272727|97.48299319727892|97.67857142857143|97.74436090225564|97.77777777777777|97.98319327731092|97.99107142857143|98.0|
| BADGE |97.73291925465838|98.08441558441558|98.26530612244898|98.39285714285714|98.6842105263158|98.88888888888889|99.24369747899159|99.50892857142857|99.66666666666667|99.64285714285714|
---------------------------------------------------------------------
