=======================================
dna_fraction:0.1_epochs:200_no of selection:10 2020-09-09 22:39:14.214926
dna :Budget =  0.1
Validation Accuracy
---------------------------------------------------------------------
|Algo                            |14|28|42|56|70|84|98|112|126|140|
| One Step Taylor |45.666666666666664|75.16666666666667|78.16666666666667|78.66666666666667|81.5|84.5|85.0|85.66666666666667|87.33333333333333|87.83333333333333|
| Fac Loc Reg One Step |45.666666666666664|75.16666666666667|77.33333333333333|81.16666666666667|81.83333333333333|85.33333333333333|86.0|86.5|87.16666666666667|88.5|
| Rand Reg One Step |45.666666666666664|72.66666666666667|76.5|78.16666666666667|79.33333333333333|80.66666666666667|83.5|83.66666666666667|87.16666666666667|87.5|
| Facility Location |45.666666666666664|67.66666666666667|67.66666666666667|73.83333333333333|73.33333333333333|75.16666666666667|75.5|77.66666666666667|79.5|80.66666666666667|
| FASS |45.666666666666664|72.0|75.33333333333333|79.83333333333333|80.0|84.0|85.16666666666667|87.16666666666667|88.83333333333333|88.33333333333333|
| Random |45.666666666666664|70.0|74.16666666666667|75.5|76.33333333333333|79.83333333333333|79.0|79.66666666666667|80.0|81.5|
| BADGE |33.0|48.166666666666664|59.166666666666664|67.5|66.16666666666667|77.83333333333333|77.33333333333333|79.0|83.83333333333333|82.83333333333333|
---------------------------------------------------------------------


Test Accuracy
---------------------------------------------------------------------
|Algo                            |14|28|42|56|70|84|98|112|126|140|
| One Step Taylor |46.45868465430017|72.93423271500843|75.96964586846543|78.83642495784149|79.42664418212479|82.29342327150084|83.55817875210792|84.48566610455312|84.73861720067454|86.17200674536257|
| Fac Loc Reg One Step |46.45868465430017|72.93423271500843|76.05396290050591|77.74030354131534|80.77571669477234|85.07588532883642|84.56998313659359|84.48566610455312|85.49747048903879|85.66610455311972|
| Rand Reg One Step |46.45868465430017|70.40472175379426|76.64418212478921|79.51096121416526|81.78752107925801|83.22091062394604|85.24451939291737|83.6424957841484|85.91905564924114|87.01517706576729|
| Facility Location |45.666666666666664|67.66666666666667|67.66666666666667|73.83333333333333|73.33333333333333|75.16666666666667|75.5|77.66666666666667|79.5|80.66666666666667|
| FASS |46.45868465430017|73.69308600337268|78.49915682967959|81.78752107925801|81.87183811129849|83.6424957841484|84.90725126475549|85.1602023608769|86.00337268128162|87.35244519392917|
| Random |46.45868465430017|71.33220910623946|77.90893760539629|80.10118043844857|80.52276559865092|81.19730185497471|82.04047217537942|81.78752107925801|82.20910623946037|83.81112984822934|
| BADGE |29.93254637436762|46.03709949409781|63.74367622259697|69.22428330522766|69.22428330522766|78.41483979763912|77.90893760539629|77.65598650927487|81.87183811129849|82.54637436762226|
---------------------------------------------------------------------


Unlabeled data Accuracy
---------------------------------------------------------------------
|Algo                            |14|28|42|56|70|84|98|112|126|140|
| One Step Taylor |46.897546897546896|74.12536443148689|77.68777614138439|80.80357142857143|81.80451127819549|84.4224924012158|86.55913978494624|86.56832298136646|87.67660910518053|89.04761904761905|
| Fac Loc Reg One Step |46.897546897546896|74.12536443148689|77.76141384388806|79.91071428571429|81.8796992481203|85.94224924012158|86.55913978494624|88.04347826086956|88.77551020408163|89.92063492063492|
| Rand Reg One Step |46.897546897546896|71.59504734158776|76.76470588235294|81.06904231625835|80.88455772113943|83.57305071915216|86.31498470948013|86.40926640926641|87.20748829953199|88.96769109535067|
| Facility Location |46.897546897546896|68.5131195335277|70.83946980854198|72.91666666666667|73.38345864661655|72.79635258358662|74.34715821812595|75.38819875776397|75.74568288854003|75.95238095238095|
| FASS |46.897546897546896|72.66763848396502|78.8659793814433|82.29166666666667|82.4812030075188|85.71428571428571|86.9431643625192|88.12111801242236|90.50235478806907|90.63492063492063|
| Random |46.897546897546896|69.65065502183405|74.9632892804699|76.88888888888889|77.57847533632287|79.18552036199095|80.36529680365297|81.72043010752688|81.78294573643412|83.5680751173709|
| BADGE |31.16883116883117|45.91836734693877|61.413843888070694|67.85714285714286|68.04511278195488|76.2917933130699|78.03379416282642|76.3975155279503|79.59183673469387|82.6984126984127|
---------------------------------------------------------------------
