=======================================
letter_fraction:0.4_epochs:200_no of selection:10 2020-09-09 14:35:44.390928
letter :Budget =  0.4
Validation Accuracy
---------------------------------------------------------------------
|Algo                            |420|840|1260|1680|2100|2520|2940|3360|3780|4200|
| One Step Taylor |51.266666666666666|27.2|42.77777777777778|31.844444444444445|44.53333333333333|36.77777777777778|35.37777777777778|31.8|40.333333333333336|34.82222222222222|
| Fac Loc Reg One Step |51.266666666666666|28.266666666666666|39.15555555555556|40.31111111111111|36.08888888888889|35.733333333333334|33.77777777777778|36.333333333333336|37.24444444444445|35.51111111111111|
| Rand Reg One Step |51.266666666666666|34.06666666666667|31.488888888888887|35.86666666666667|35.266666666666666|36.422222222222224|37.91111111111111|43.888888888888886|40.44444444444444|40.266666666666666|
| Facility Location |51.266666666666666|43.31111111111111|39.0|37.77777777777778|41.44444444444444|34.68888888888889|40.733333333333334|43.4|42.15555555555556|38.48888888888889|
| FASS |51.266666666666666|25.155555555555555|31.933333333333334|34.62222222222222|32.51111111111111|43.75555555555555|37.28888888888889|29.044444444444444|40.955555555555556|28.711111111111112|
| Random |51.266666666666666|43.06666666666667|26.044444444444444|44.53333333333333|26.622222222222224|32.2|33.86666666666667|29.57777777777778|24.555555555555557|35.644444444444446|
| BADGE |46.37777777777778|60.955555555555556|66.08888888888889|73.26666666666667|75.2|76.95555555555555|78.4888888888889|79.77777777777777|81.02222222222223|81.31111111111112|
---------------------------------------------------------------------


Test Accuracy
---------------------------------------------------------------------
|Algo                            |420|840|1260|1680|2100|2520|2940|3360|3780|4200|
| One Step Taylor |50.3|27.12|43.74|32.0|44.18|37.3|34.74|30.78|41.12|35.4|
| Fac Loc Reg One Step |50.3|27.38|40.28|39.54|35.34|34.82|33.84|36.14|38.06|34.64|
| Rand Reg One Step |50.3|32.58|29.86|35.0|35.18|37.2|38.68|43.94|39.8|40.0|
| Facility Location |51.266666666666666|43.31111111111111|39.0|37.77777777777778|41.44444444444444|34.68888888888889|40.733333333333334|43.4|42.15555555555556|38.48888888888889|
| FASS |50.3|25.06|30.82|33.16|32.0|42.58|37.56|28.4|40.5|28.68|
| Random |50.3|43.96|25.5|44.08|26.42|31.88|33.96|28.4|24.48|34.22|
| BADGE |44.42|60.44|66.16|73.18|74.92|76.92|79.12|79.96|80.52|81.92|
---------------------------------------------------------------------


Unlabeled data Accuracy
---------------------------------------------------------------------
|Algo                            |420|840|1260|1680|2100|2520|2940|3360|3780|4200|
| One Step Taylor |50.307539682539684|26.34575569358178|43.53896103896104|31.621315192743765|43.32142857142857|35.664160401002505|36.87830687830688|32.18487394957983|42.083333333333336|35.38095238095238|
| Fac Loc Reg One Step |50.307539682539684|26.314699792960663|39.426406926406926|38.96825396825397|36.023809523809526|35.32581453634085|33.716931216931215|37.18487394957983|40.729166666666664|34.58730158730159|
| Rand Reg One Step |50.307539682539684|33.38509316770186|30.865800865800868|35.62358276643991|36.88095238095238|37.31829573934837|38.41269841269841|44.78991596638655|40.99702380952381|41.12698412698413|
| Facility Location |50.307539682539684|44.006211180124225|38.96103896103896|38.049886621315196|40.845238095238095|33.08270676691729|40.423280423280424|42.38095238095238|43.45238095238095|36.93650793650794|
| FASS |50.307539682539684|25.165631469979296|31.038961038961038|32.868480725623584|31.797619047619047|45.012531328320804|38.69047619047619|29.103641456582633|43.913690476190474|29.936507936507937|
| Random |50.307539682539684|43.84312913907285|25.659602076124568|44.825634057971016|27.221958174904945|32.4875|33.82120253164557|28.348214285714285|25.044431279620852|35.321969696969695|
| BADGE |45.24801587301587|60.683229813664596|66.07142857142857|73.4920634920635|75.88095238095238|77.90726817042606|80.85978835978835|82.94117647058823|84.76190476190476|86.68253968253968|
---------------------------------------------------------------------
