=======================================
connect_4_fraction:0.5_epochs:200_no of selection:10 2020-09-11 16:56:34.434694
connect_4 :Budget =  0.5
Validation Accuracy
---------------------------------------------------------------------
|Algo                            |2736|5472|8208|10944|13680|16416|19152|21888|24624|27360|
| One Step Taylor |74.09965466206216|76.35257358987009|77.73392534122677|78.58904785397138|79.47705969412925|80.08551225127447|80.61174148988653|81.02285808255222|81.23663871073836|81.03930274625884|
| Fac Loc Reg One Step |74.09965466206216|76.31968426245683|78.09570794277258|78.76993915474428|79.0166091103437|79.87173162308831|80.49662884394014|81.02285808255222|81.36819602039138|81.38464068409802|
| Rand Reg One Step |74.09965466206216|76.66502220029601|77.76681466864002|78.50682453543826|79.47705969412925|80.48018418023351|81.20374938332512|80.46373951652689|81.12152606479198|81.46686400263114|
| Facility Location |74.09965466206216|76.78013484624239|78.3588225620786|79.03305377405032|79.92106561420819|80.1677355698076|80.54596283506002|80.90774543660582|80.7104094721263|81.0721920736721|
| FASS |74.09965466206216|77.7503700049334|79.47705969412925|80.29929287946061|81.23663871073836|80.90774543660582|81.18730471961848|81.41753001151126|81.18730471961848|81.05574740996546|
| Random |74.09965466206216|75.20144713040618|77.09258345666831|77.2734747574412|77.5694787041605|78.02992928794606|80.2335142246341|80.85841144548594|81.0721920736721|80.80907745436606|
| BADGE |74.0667653346489|77.01036013813517|77.70103601381352|78.85216247327742|79.60861700378227|80.38151619799375|80.79263279065943|81.54908732116428|82.05887189606973|82.23976319684263|
---------------------------------------------------------------------


Test Accuracy
---------------------------------------------------------------------
|Algo                            |2736|5472|8208|10944|13680|16416|19152|21888|24624|27360|
| One Step Taylor |73.9934872705743|76.1101243339254|77.70870337477797|78.78922439313203|79.36648904677324|80.2841918294849|79.94375370041445|81.17229129662522|81.21669626998224|80.8170515097691|
| Fac Loc Reg One Step |73.9934872705743|75.97690941385436|77.2202486678508|78.04914150384843|78.700414446418|79.82534043812907|79.97335701598578|80.3878034339846|80.96506808762581|80.63943161634103|
| Rand Reg One Step |73.9934872705743|76.16933096506808|77.36826524570752|78.12314979277679|79.14446417998816|79.92895204262878|80.1213735938425|80.41740674955595|80.93546477205447|80.63943161634103|
| Facility Location |74.09965466206216|76.78013484624239|78.3588225620786|79.03305377405032|79.92106561420819|80.1677355698076|80.54596283506002|80.90774543660582|80.7104094721263|81.0721920736721|
| FASS |73.9934872705743|77.07223208999407|78.07874481941977|79.82534043812907|80.07696862048549|80.63943161634103|80.72824156305506|80.95026642984014|81.24629958555359|80.93546477205447|
| Random |73.9934872705743|75.25162818235643|76.850207223209|77.14624037892244|77.73830669034932|77.36826524570752|79.84014209591474|79.95855535820012|80.22498519834221|80.63943161634103|
| BADGE |74.00828892835997|76.4801657785672|77.39786856127887|78.15275310834814|79.01124925991711|79.69212551805802|80.50621669626999|80.77264653641208|81.61634103019539|82.07519242155121|
---------------------------------------------------------------------


Unlabeled data Accuracy
---------------------------------------------------------------------
|Algo                            |2736|5472|8208|10944|13680|16416|19152|21888|24624|27360|
| One Step Taylor |73.82463835026162|76.09039961013646|77.12848297213623|77.57675438596492|78.55019493177387|80.85839598997494|82.97345928924877|84.96284113060429|85.91839447102605|86.40350877192982|
| Fac Loc Reg One Step |73.82463835026162|76.15334632878492|76.79953560371517|76.84119152046783|76.7933723196881|78.12238930659983|80.27159244264507|82.63584307992203|83.72873471557682|85.02923976608187|
| Rand Reg One Step |73.82463835026162|76.45028325448233|76.78978372103023|76.83821010073324|77.78237988500146|79.75671513221437|81.82661494349806|83.46173756813545|85.32753122508636|86.34586576053199|
| Facility Location |73.82463835026162|77.05490578297596|78.33677330581355|79.593841374269|80.08528265107212|80.87928153717627|81.0644399460189|81.49366471734893|81.34968102073366|81.80190058479532|
| FASS |73.82463835026162|78.24277128005198|81.26074991400068|83.76736111111111|85.82358674463937|87.65403091060986|89.16722896986055|90.81079434697855|92.13849016480596|93.19444444444444|
| Random |73.82463835026162|76.24472059779077|79.2720158238734|80.4093567251462|81.27680311890838|81.96010860484544|86.85897435897436|89.85441033138402|90.16480595427964|90.21198830409357|
| BADGE |73.78808864265928|77.13003573749188|79.17096663226694|81.01471125730994|82.93128654970761|84.80576441102757|86.82523616734143|88.97417153996102|91.0453216374269|93.04459064327486|
---------------------------------------------------------------------
