=======================================
usps_fraction:0.2_epochs:200_no of selection:10 2020-09-09 11:32:07.255211
usps :Budget =  0.2
Validation Accuracy
---------------------------------------------------------------------
|Algo                            |132|264|396|528|660|792|924|1056|1188|1320|
| One Step Taylor |91.0958904109589|82.05479452054794|24.794520547945204|69.45205479452055|84.93150684931507|87.3972602739726|90.41095890410959|92.46575342465754|91.91780821917808|93.6986301369863|
| Fac Loc Reg One Step |91.0958904109589|83.28767123287672|33.15068493150685|70.13698630136986|83.56164383561644|90.0|89.86301369863014|91.36986301369863|93.42465753424658|93.28767123287672|
| Rand Reg One Step |91.0958904109589|91.23287671232876|92.05479452054794|93.97260273972603|93.01369863013699|91.91780821917808|95.20547945205479|95.47945205479452|95.06849315068493|95.34246575342466|
| Facility Location |91.0958904109589|91.5068493150685|92.46575342465754|92.73972602739725|93.42465753424658|93.28767123287672|93.6986301369863|92.87671232876713|93.97260273972603|92.87671232876713|
| FASS |91.0958904109589|96.3013698630137|96.84931506849315|96.98630136986301|97.26027397260275|97.12328767123287|96.71232876712328|97.12328767123287|97.3972602739726|97.8082191780822|
| Random |91.0958904109589|90.54794520547945|92.46575342465754|93.42465753424658|93.42465753424658|92.32876712328768|94.38356164383562|94.24657534246575|95.34246575342466|92.1917808219178|
| BADGE |88.63013698630137|93.42465753424658|94.52054794520548|96.43835616438356|97.12328767123287|97.3972602739726|97.3972602739726|97.53424657534246|98.21917808219177|98.08219178082192|
---------------------------------------------------------------------


Test Accuracy
---------------------------------------------------------------------
|Algo                            |132|264|396|528|660|792|924|1056|1188|1320|
| One Step Taylor |86.64673642252117|78.07673143996014|24.165421026407575|68.56003986048829|79.77080219232685|79.52167414050822|83.05929247633283|86.94569008470354|86.34778276033882|89.03836571998006|
| Fac Loc Reg One Step |86.64673642252117|80.81714000996512|30.94170403587444|68.70951669157947|79.77080219232685|82.46138515196812|86.29795714997509|87.34429496761335|89.58644743398106|88.49028400597908|
| Rand Reg One Step |86.64673642252117|87.045341305431|84.1056302939711|88.39063278525163|87.2446437468859|88.04185351270553|89.78574987543597|90.9317389138017|90.33383158943697|89.48679621325361|
| Facility Location |91.0958904109589|91.5068493150685|92.46575342465754|92.73972602739725|93.42465753424658|93.28767123287672|93.6986301369863|92.87671232876713|93.97260273972603|92.87671232876713|
| FASS |86.64673642252117|90.63278525161934|91.57947184853015|91.28051818634778|90.9317389138017|91.82859990034878|91.52964623816642|92.07772795216741|92.4265072247135|92.62580966616841|
| Random |86.64673642252117|87.74289985052317|88.73941205779771|88.78923766816143|89.93522670652716|89.18784255107126|90.28400597907324|90.33383158943697|90.28400597907324|87.34429496761335|
| BADGE |83.1589436970603|87.64324862979572|89.53662182361734|91.23069257598405|92.27703039362233|93.22371699053313|93.07424015944196|92.82511210762331|93.57249626307922|93.57249626307922|
---------------------------------------------------------------------


Unlabeled data Accuracy
---------------------------------------------------------------------
|Algo                            |132|264|396|528|660|792|924|1056|1188|1320|
| One Step Taylor |91.22725151656556|80.94330633635064|22.80616382806164|69.81601193436101|85.00254194204372|84.486046108511|89.3560404470463|91.78928247048138|91.60617904336497|93.74165235642053|
| Fac Loc Reg One Step |91.22725151656556|82.76957281245038|30.770478507704784|71.04259903862092|82.01999661074395|87.93551742069683|90.49139613269469|92.38873751135331|94.5468081146473|94.7529097500477|
| Rand Reg One Step |91.22725151656556|90.9495077802477|89.50867520674558|94.0026507620941|92.44707874682473|92.43158988569449|94.9317738791423|95.55515239477504|96.09737966920646|96.11428571428571|
| Facility Location |91.22725151656556|91.90090519294903|91.93836171938362|92.06033482512846|91.86578546009152|91.52366094643786|92.58470817810893|91.4441416893733|91.92257584217383|91.7191375691662|
| FASS |91.22725151656556|93.64776877878354|95.03649635036497|95.82297364495275|96.119301813252|96.63719882128619|96.77133226893737|96.6394187102634|97.0965940815187|97.69128029002098|
| Random |91.22725151656556|90.98269566597872|92.25158048306047|92.38284484186123|93.04450837705195|92.4554421180135|93.7511063905116|93.09657546657003|93.57951382445722|91.48127020346074|
| BADGE |88.05412972468503|92.10735270763855|94.14436334144364|95.83954914636168|96.83104558549398|97.69457444964465|98.15504701082136|98.80108991825612|99.21831379117812|99.38942949818737|
---------------------------------------------------------------------
