=======================================
ijcnn1_fraction:0.3_epochs:200_no of selection:10 2020-09-10 18:40:23.376395
ijcnn1 :Budget =  0.3
Validation Accuracy
---------------------------------------------------------------------
|Algo                            |1050|2100|3150|4200|5250|6300|7350|8400|9450|10500|
| One Step Taylor |76.14742698191934|79.01599443671766|82.66689847009735|85.23991655076495|85.63977746870654|87.7086230876217|89.27329624478442|90.21210013908205|92.59388038942977|93.25452016689847|
| Fac Loc Reg One Step |76.14742698191934|78.30319888734353|81.72809457579972|82.26703755215577|85.97009735744089|87.37830319888734|89.96870653685674|91.7941585535466|92.92420027816412|93.21974965229485|
| Rand Reg One Step |76.14742698191934|79.5201668984701|82.82336578581364|84.84005563282336|87.20445062586926|89.4471488178025|91.34214186369958|93.68915159944368|93.37621696801112|92.99374130737135|
| Facility Location |76.14742698191934|81.2413073713491|82.45827538247566|82.99721835883172|84.9269819193324|86.76981919332407|86.45688456189151|86.14394993045897|87.98678720445062|88.1606397774687|
| FASS |76.14742698191934|88.45618915159945|91.42906815020862|92.43741307371349|92.90681502086231|92.07232267037553|90.95966620305981|89.76008344923505|90.00347705146037|88.87343532684284|
| Random |76.14742698191934|87.88247566063978|88.14325452016689|87.60431154381085|88.87343532684284|89.02990264255911|90.76842837273992|91.49860917941585|85.22253129346315|83.3970792767733|
| BADGE |76.14742698191934|85.17037552155772|86.4394993045897|88.5952712100139|91.04659248956885|91.27260083449235|92.99374130737135|92.81988873435327|93.13282336578581|93.23713490959666|
---------------------------------------------------------------------


Test Accuracy
---------------------------------------------------------------------
|Algo                            |1050|2100|3150|4200|5250|6300|7350|8400|9450|10500|
| One Step Taylor |75.68870523415978|77.37603305785125|79.00883838383838|80.53833792470157|81.04912764003673|83.07506887052341|85.66632231404958|88.99793388429752|89.82724977043159|90.16873278236915|
| Fac Loc Reg One Step |75.68870523415978|77.04602846648301|78.34022038567493|78.90840220385675|80.99747474747475|82.53845270890726|85.8184113865932|90.52456382001837|92.43572084481175|92.22910927456383|
| Rand Reg One Step |75.68870523415978|77.6916896235078|79.05762167125803|80.15381083562902|82.23427456382002|84.95179063360881|89.3681129476584|93.07564279155189|92.41276400367309|90.95500459136822|
| Facility Location |76.14742698191934|81.2413073713491|82.45827538247566|82.99721835883172|84.9269819193324|86.76981919332407|86.45688456189151|86.14394993045897|87.98678720445062|88.1606397774687|
| FASS |75.68870523415978|81.03191000918274|84.6590909090909|90.7397842056933|92.83459595959596|92.75424701561066|91.79292929292929|89.66368227731864|87.16999540863178|86.6419880624426|
| Random |75.68870523415978|84.61030762167125|87.02938475665748|89.22463269054178|90.59056473829202|90.98943985307622|91.0669191919192|90.25195133149678|79.97876492194673|78.81944444444444|
| BADGE |75.66861799816346|80.01893939393939|83.23576675849404|85.76675849403122|89.7669880624426|91.49162075298439|93.50321395775941|93.25068870523415|93.95948117539027|93.77869605142332|
---------------------------------------------------------------------


Unlabeled data Accuracy
---------------------------------------------------------------------
|Algo                            |1050|2100|3150|4200|5250|6300|7350|8400|9450|10500|
| One Step Taylor |90.32106038291606|90.53799392097264|91.18995290423862|92.22727272727273|93.65378151260504|94.98257839721255|96.20614828209764|97.2593984962406|97.51076320939335|97.9673469387755|
| Fac Loc Reg One Step |90.32106038291606|90.58662613981762|91.41287284144427|92.36688311688312|93.47899159663865|94.99303135888502|96.47016274864376|98.21428571428571|98.79452054794521|99.15918367346939|
| Rand Reg One Step |90.32106038291606|90.61094224924013|91.5447409733124|92.36363636363636|94.25210084033614|96.11498257839722|97.68896925858951|98.60526315789474|98.97455968688845|98.99591836734695|
| Facility Location |90.32106038291606|91.02431610942249|91.36263736263736|91.50974025974025|91.85882352941177|92.13240418118467|92.2133815551537|92.6390977443609|92.92759295499022|93.2204081632653|
| FASS |90.32106038291606|92.66261398176292|94.76923076923077|96.87012987012987|97.40168067226891|97.90592334494774|98.33634719710669|98.96992481203007|99.2211350293542|99.35102040816327|
| Random |90.32106038291606|89.12765957446808|90.89481946624804|91.79545454545455|93.27394957983194|93.29268292682927|93.65280289330923|97.53383458646617|99.8825831702544|99.98775510204082|
| BADGE |90.3181148748159|92.64133738601824|95.19623233908948|96.64285714285714|97.8016806722689|98.54355400696865|99.20072332730561|99.54887218045113|99.74951076320939|99.86530612244898|
---------------------------------------------------------------------
