=======================================
letter_fraction:0.5_epochs:200_no of selection:10 2020-09-09 18:16:52.467536
letter :Budget =  0.5
Validation Accuracy
---------------------------------------------------------------------
|Algo                            |395|790|1185|1580|1975|2370|2765|3160|3555|3950|
| One Step Taylor |48.58027878162106|36.37067630356221|34.3830665978317|37.14506969540527|42.46257098606092|45.45689210118741|38.074341765616936|41.43004646360351|31.440371708828085|40.629839958699016|
| Fac Loc Reg One Step |48.58027878162106|32.67940113577698|33.27310273618998|38.25503355704698|33.97005678884874|39.8812596799174|39.519876097057306|43.08208569953536|37.1708828084667|41.68817759421786|
| Rand Reg One Step |48.58027878162106|39.93288590604027|35.13164687661332|34.02168301497161|40.939597315436245|36.37067630356221|43.469282395456894|34.20237480640165|43.05627258647393|44.52762003097573|
| Facility Location |48.58027878162106|47.986577181208055|44.37274135260712|37.971089313371195|41.61073825503356|37.19669592152814|41.1977284460506|38.79710893133712|41.37842023748064|40.423335054207534|
| FASS |48.58027878162106|36.654620547238|40.474961280330405|44.32111512648425|42.61744966442953|45.32782653588023|43.95973154362416|40.01032524522457|41.01703665462055|39.93288590604027|
| Random |48.58027878162106|49.76768198244708|44.03717088280847|48.42540010325245|46.592669075890555|43.05627258647393|41.1977284460506|41.40423335054208|38.074341765616936|40.88797108931337|
| BADGE |34.460505937016|49.07072792978833|53.82034073309241|60.19617965926691|64.1455859576665|68.04336602994321|69.35983479607641|71.29581827568404|72.97367062467734|74.13526071244192|
---------------------------------------------------------------------


Test Accuracy
---------------------------------------------------------------------
|Algo                            |395|790|1185|1580|1975|2370|2765|3160|3555|3950|
| One Step Taylor |48.66421004145555|36.02026715799171|34.269921695071396|36.15845232611699|42.9295255642561|47.23629663749424|39.083371718102256|42.538000921234456|33.440810686319665|39.4748963611239|
| Fac Loc Reg One Step |48.66421004145555|32.88807001381851|35.19115614923998|39.359742054352836|35.00690925840627|40.764624596959926|40.64947029018885|43.27498848456932|36.41179180101336|42.99861814831875|
| Rand Reg One Step |48.66421004145555|39.70520497466605|34.7535697835099|33.809304467987104|39.38277291570705|36.36573007830493|44.035006909258406|37.217871948410874|44.05803777061262|45.117457392906495|
| Facility Location |48.58027878162106|47.986577181208055|44.37274135260712|37.971089313371195|41.61073825503356|37.19669592152814|41.1977284460506|38.79710893133712|41.37842023748064|40.423335054207534|
| FASS |48.66421004145555|36.68816213726393|39.359742054352836|44.51865499769691|42.46890833717181|45.601105481345|44.31137724550898|39.82035928143713|41.91616766467066|39.95854444956241|
| Random |48.66421004145555|50.667894979272226|44.10409949332105|48.84845693228927|46.706586826347305|42.72224781206817|41.24827268539843|41.57070474435744|39.49792722247812|41.54767388300323|
| BADGE |35.65177337632427|49.26301243666513|54.42192538000921|59.788116075541225|64.07185628742515|68.28650391524643|70.01381851681253|71.62597881160755|73.03086135421465|73.97512666973745|
---------------------------------------------------------------------


Unlabeled data Accuracy
---------------------------------------------------------------------
|Algo                            |395|790|1185|1580|1975|2370|2765|3160|3555|3950|
| One Step Taylor |60.92582710779082|46.753978312913674|43.587831792424694|45.71383299001743|54.107505070993916|57.906176417315706|46.68357393679282|55.4850982878884|42.59686346863469|57.320477036285205|
| Fac Loc Reg One Step |60.92582710779082|43.50091536403323|45.28780196838652|50.039613373474886|45.9263015551048|54.48288353559138|51.67772142021069|55.9712534347918|47.20940959409594|56.204009134737376|
| Rand Reg One Step |60.92582710779082|50.661785412559844|45.840787119856884|42.98384542286981|51.722972972972975|48.95041621425986|57.42400623538582|46.13761080624736|60.65837937384899|54.22784810126582|
| Facility Location |60.92582710779082|59.3296718772004|56.755144646585144|48.80367612105847|52.552400270453006|47.726861075892046|52.75068279360125|47.45296977383217|52.35239852398524|51.07840649581325|
| FASS |60.92582710779082|43.62765807632728|45.809722636444974|54.15940421486294|52.26504394861393|57.52581054156855|55.69644947327351|57.366307334601565|60.40129151291513|59.4772900279117|
| Random |60.92582710779082|50.21108922037715|48.7343656938654|58.472968700600696|64.20148247978436|58.78110349801659|57.13731574864236|56.73520772135963|52.10237659963437|54.64124435524335|
| BADGE |46.082764162314184|63.56052036199095|68.51879586640707|75.93123209169055|78.359096313912|81.88273852876912|84.26525407102217|86.06975754997873|88.7856977014163|90.6441717791411|
---------------------------------------------------------------------
