=======================================
dna_fraction:0.5_epochs:200_no of selection:10 2020-09-09 02:33:02.733471
dna :Budget =  0.5
Validation Accuracy
---------------------------------------------------------------------
|Algo                            |70|140|210|280|350|420|490|560|630|700|
| One Step Taylor |66.66666666666667|81.95488721804512|80.95238095238095|83.70927318295739|86.71679197994987|89.97493734335839|89.97493734335839|90.47619047619048|88.7218045112782|88.22055137844612|
| Fac Loc Reg One Step |66.66666666666667|81.45363408521304|81.95488721804512|83.45864661654136|88.7218045112782|89.47368421052632|91.97994987468671|92.4812030075188|90.72681704260651|89.72431077694236|
| Rand Reg One Step |66.66666666666667|78.44611528822055|82.20551378446115|86.46616541353383|89.47368421052632|90.97744360902256|87.71929824561404|90.22556390977444|90.72681704260651|90.72681704260651|
| Facility Location |66.66666666666667|74.18546365914787|79.9498746867168|83.20802005012531|80.45112781954887|80.20050125313283|81.70426065162907|80.20050125313283|71.42857142857143|75.18796992481202|
| FASS |66.66666666666667|84.21052631578948|85.96491228070175|90.47619047619048|90.97744360902256|89.72431077694236|88.22055137844612|85.96491228070175|83.45864661654136|79.19799498746868|
| Random |66.66666666666667|75.43859649122807|80.20050125313283|81.203007518797|84.21052631578948|86.71679197994987|85.96491228070175|89.72431077694236|87.96992481203007|90.47619047619048|
| BADGE |59.899749373433586|81.70426065162907|83.45864661654136|87.96992481203007|87.468671679198|88.47117794486215|89.47368421052632|91.47869674185463|93.98496240601504|93.734335839599|
---------------------------------------------------------------------


Test Accuracy
---------------------------------------------------------------------
|Algo                            |70|140|210|280|350|420|490|560|630|700|
| One Step Taylor |69.88095238095238|83.21428571428571|80.83333333333333|84.76190476190476|85.83333333333333|87.73809523809524|89.16666666666667|88.33333333333333|88.33333333333333|86.9047619047619|
| Fac Loc Reg One Step |69.88095238095238|83.33333333333333|82.73809523809524|85.35714285714286|87.38095238095238|87.61904761904762|91.42857142857143|91.19047619047619|90.47619047619048|90.23809523809524|
| Rand Reg One Step |69.88095238095238|81.66666666666667|84.4047619047619|87.73809523809524|88.69047619047619|90.35714285714286|88.45238095238095|90.5952380952381|90.35714285714286|90.71428571428571|
| Facility Location |66.66666666666667|74.18546365914787|79.9498746867168|83.20802005012531|80.45112781954887|80.20050125313283|81.70426065162907|80.20050125313283|71.42857142857143|75.18796992481202|
| FASS |69.88095238095238|85.11904761904762|87.38095238095238|88.33333333333333|87.02380952380952|87.14285714285714|86.66666666666667|86.78571428571429|80.47619047619048|77.26190476190476|
| Random |69.88095238095238|74.04761904761905|79.52380952380952|79.88095238095238|83.33333333333333|85.47619047619048|84.64285714285714|90.11904761904762|90.0|89.64285714285714|
| BADGE |60.476190476190474|77.85714285714286|82.61904761904762|84.88095238095238|88.0952380952381|89.4047619047619|91.30952380952381|91.30952380952381|92.26190476190476|93.57142857142857|
---------------------------------------------------------------------


Unlabeled data Accuracy
---------------------------------------------------------------------
|Algo                            |70|140|210|280|350|420|490|560|630|700|
| One Step Taylor |54.285714285714285|80.55555555555556|85.3781512605042|87.67857142857143|88.66666666666667|92.34693877551021|94.94505494505495|95.83333333333333|97.14285714285714|97.28571428571429|
| Fac Loc Reg One Step |54.285714285714285|80.7936507936508|84.95798319327731|87.76785714285714|91.23809523809524|92.65306122448979|95.38461538461539|96.54761904761905|97.40259740259741|98.14285714285714|
| Rand Reg One Step |54.285714285714285|79.2063492063492|85.12605042016807|88.39285714285714|91.71428571428571|92.85714285714286|94.94505494505495|95.71428571428571|97.01298701298701|97.85714285714286|
| Facility Location |54.285714285714285|64.68253968253968|67.89915966386555|69.73214285714286|68.38095238095238|68.77551020408163|70.54945054945055|72.02380952380952|74.8051948051948|73.71428571428571|
| FASS |54.285714285714285|76.42857142857143|82.85714285714286|87.14285714285714|87.42857142857143|88.06122448979592|88.9010989010989|89.4047619047619|89.6103896103896|89.42857142857143|
| Random |54.285714285714285|65.58287073750991|73.8255033557047|75.69011576135351|77.70398481973434|80.50761421319797|82.75109170305677|86.06847697756788|84.83290488431876|85.1904090267983|
| BADGE |41.35338345864662|78.65079365079364|83.61344537815125|86.42857142857143|90.47619047619048|92.65306122448979|94.50549450549451|96.54761904761905|97.92207792207792|99.57142857142857|
---------------------------------------------------------------------
