=======================================
svmguide1_fraction:0.3_epochs:200_no of selection:10 2020-09-12 20:27:16.801312
svmguide1 :Budget =  0.3
Validation Accuracy
---------------------------------------------------------------------
|Algo                            |84|168|252|336|420|504|588|672|756|840|
| One Step Taylor |90.9090909090909|93.93939393939394|95.95959595959596|96.96969696969697|97.47474747474747|95.95959595959596|96.96969696969697|95.45454545454545|94.94949494949495|94.94949494949495|
| Fac Loc Reg One Step |90.9090909090909|94.94949494949495|96.46464646464646|96.46464646464646|96.96969696969697|96.96969696969697|96.96969696969697|94.94949494949495|94.44444444444444|94.94949494949495|
| Rand Reg One Step |90.9090909090909|94.94949494949495|95.95959595959596|97.47474747474747|96.96969696969697|96.96969696969697|95.45454545454545|95.95959595959596|94.94949494949495|94.44444444444444|
| Facility Location |90.9090909090909|91.41414141414141|92.42424242424242|91.41414141414141|93.93939393939394|94.94949494949495|95.45454545454545|94.44444444444444|95.95959595959596|94.94949494949495|
| FASS |90.9090909090909|92.92929292929293|95.45454545454545|96.46464646464646|97.47474747474747|96.96969696969697|96.96969696969697|97.47474747474747|96.46464646464646|96.96969696969697|
| Random |90.9090909090909|90.9090909090909|91.91919191919192|91.41414141414141|92.42424242424242|95.45454545454545|93.43434343434343|95.95959595959596|94.94949494949495|96.96969696969697|
| BADGE |90.9090909090909|93.43434343434343|96.46464646464646|96.96969696969697|97.47474747474747|97.97979797979798|97.97979797979798|97.97979797979798|97.97979797979798|97.97979797979798|
---------------------------------------------------------------------


Test Accuracy
---------------------------------------------------------------------
|Algo                            |84|168|252|336|420|504|588|672|756|840|
| One Step Taylor |90.425|95.175|95.95|96.275|96.45|96.025|96.375|95.675|93.55|94.775|
| Fac Loc Reg One Step |90.425|95.425|96.325|96.375|96.525|96.6|96.425|95.975|95.4|95.725|
| Rand Reg One Step |90.425|95.375|96.05|96.25|96.3|96.3|95.7|95.675|94.625|95.2|
| Facility Location |90.425|91.125|94.325|92.1|94.65|95.125|95.2|94.6|95.55|95.625|
| FASS |90.425|94.7|95.525|95.725|96.025|96.0|96.05|96.225|96.25|96.3|
| Random |90.425|92.3|93.575|92.975|93.65|95.55|94.825|96.275|94.075|96.5|
| BADGE |90.425|94.475|95.75|96.3|96.55|96.45|96.65|96.375|96.325|96.2|
---------------------------------------------------------------------


Unlabeled data Accuracy
---------------------------------------------------------------------
|Algo                            |84|168|252|336|420|504|588|672|756|840|
| One Step Taylor |89.46587537091987|94.79326186830015|96.59810126582279|97.66775777414075|98.55932203389831|99.03339191564147|98.9963503649635|99.05123339658444|99.06126482213439|99.02061855670104|
| Fac Loc Reg One Step |89.46587537091987|95.02297090352221|96.83544303797468|97.70867430441899|98.55932203389831|99.03339191564147|99.08759124087591|99.14611005692599|99.1600790513834|99.17525773195877|
| Rand Reg One Step |89.46587537091987|94.87179487179488|96.6403162055336|97.3436861463016|98.3502538071066|98.68478737395878|99.09008189262967|99.14893617021276|99.16338582677166|99.1277578245254|
| Facility Location |89.46587537091987|88.85911179173047|92.95886075949367|90.34369885433715|93.4322033898305|94.24428822495607|94.34306569343066|93.02656546489564|94.86166007905139|95.05154639175258|
| FASS |89.46587537091987|93.91271056661562|95.56962025316456|96.60392798690671|97.41525423728814|97.18804920913884|97.49087591240875|97.86527514231499|97.82608695652173|98.09278350515464|
| Random |89.46587537091987|90.1990811638591|91.77215189873418|91.20294599018003|92.16101694915254|95.16695957820738|94.11496350364963|96.25237191650854|93.13241106719367|96.49484536082474|
| BADGE |89.46587537091987|94.10413476263399|96.08386075949367|96.93126022913258|98.17796610169492|98.63796133567662|98.9507299270073|99.38330170777989|99.55533596837945|99.63917525773196|
---------------------------------------------------------------------
