=======================================
expand_large_linsep_4_fraction:0.1_epochs:200_no of selection:10 2020-08-31 01:49:44.314945
expand_large_linsep_4 :Budget =  0.1
Validation Accuracy
---------------------------------------------------------------------
|Algo                            |35|70|105|140|175|210|245|280|315|350|
| Taylor Online |82.2|91.2|93.8|93.8|93.8|93.6|93.8|94.0|93.8|94.0|
| Full OneStep |82.2|91.2|93.0|93.2|93.4|93.6|93.6|93.6|93.6|94.0|
| Facloc Regularized |82.2|90.6|92.6|93.0|93.4|93.6|93.8|93.6|93.6|93.8|
| Random Greedy |82.2|90.6|93.6|93.6|93.4|93.6|94.0|93.8|94.0|94.0|
| Facility Location |90.0|92.4|92.8|92.6|93.0|92.8|92.8|92.8|92.6|92.6|
| FASS |82.2|79.8|75.4|74.4|90.8|94.0|94.0|93.8|93.8|93.8|
| Random |82.2|90.6|91.4|90.8|91.6|92.6|93.0|92.6|93.0|92.8|
| Random Perturbation |82.2|90.6|93.8|93.6|93.6|93.4|93.2|93.4|93.4|93.2|
| BADGE |91.0|91.6|91.2|92.0|91.0|91.0|91.4|92.2|92.4|93.2|
---------------------------------------------------------------------


Test Accuracy
---------------------------------------------------------------------
|Algo                            |35|70|105|140|175|210|245|280|315|350|
| Taylor Online |84.7|91.2|94.2|94.7|94.7|95.0|95.1|94.8|94.8|94.9|
| Full OneStep |84.7|91.7|93.9|94.1|94.5|94.3|94.5|94.6|94.7|94.8|
| Facloc Regularized |84.7|91.0|93.8|94.7|94.6|94.5|94.7|94.9|94.9|94.7|
| Random Greedy |84.7|90.9|94.2|94.9|95.1|95.1|94.8|94.9|94.9|94.9|
| Facility Location |90.0|92.4|92.8|92.6|93.0|92.8|92.8|92.8|92.6|92.6|
| FASS |84.7|81.8|76.3|76.2|92.4|94.8|94.9|95.4|95.4|95.5|
| Random |84.7|93.5|93.6|92.9|92.9|93.4|94.3|94.1|93.9|94.6|
| Random Perturbation |84.7|92.2|94.6|94.9|95.2|95.2|95.4|95.0|94.9|94.8|
| BADGE |92.1|93.7|91.6|92.9|92.5|93.6|92.5|93.8|92.8|94.8|
---------------------------------------------------------------------


Unlabeled data Accuracy
---------------------------------------------------------------------
|Algo                            |35|70|105|140|175|210|245|280|315|350|
| Taylor Online |92.6984126984127|99.35860058309038|99.97054491899853|99.9702380952381|99.96992481203007|100.0|100.0|100.0|100.0|100.0|
| Full OneStep |92.6984126984127|99.50437317784257|99.85272459499264|99.88095238095238|99.8796992481203|99.87841945288754|99.87711213517665|99.87577639751552|99.87441130298274|99.87301587301587|
| Facloc Regularized |92.6984126984127|99.41690962099125|99.82326951399116|99.91071428571429|99.96992481203007|99.96960486322189|99.96927803379417|100.0|100.0|100.0|
| Random Greedy |92.6984126984127|99.03818128825415|99.97056226081837|99.9702646446625|100.0|100.0|100.0|100.0|100.0|100.0|
| Facility Location |99.39393939393939|99.76676384839651|99.91163475699558|99.91071428571429|99.96992481203007|99.96960486322189|99.96927803379417|99.96894409937889|99.96860282574568|99.96825396825396|
| FASS |92.6984126984127|81.42857142857143|74.78645066273933|74.25595238095238|99.0375939849624|99.96960486322189|100.0|100.0|100.0|100.0|
| Random |92.6984126984127|99.59183673469387|99.82326951399116|99.67261904761905|99.5187969924812|99.8176291793313|99.93855606758832|99.96894409937889|99.96860282574568|100.0|
| Random Perturbation |92.6984126984127|99.30029154518951|99.94108983799705|99.9702380952381|99.96992481203007|99.96960486322189|99.96927803379417|99.96894409937889|99.96860282574568|99.96825396825396|
| BADGE |99.85422740524781|99.79381443298969|99.52380952380952|99.93984962406014|99.66565349544074|99.93855606758832|99.93788819875776|99.87441130298274|99.96825396825396|99.87158908507223|
---------------------------------------------------------------------
