=======================================
connect_4_fraction:0.4_epochs:200_no of selection:10 2020-09-11 15:07:39.554367
connect_4 :Budget =  0.4
Validation Accuracy
---------------------------------------------------------------------
|Algo                            |2189|4378|6567|8756|10945|13134|15323|17512|19701|21890|
| One Step Taylor |74.23121197171518|75.92501233349778|77.78325933234666|78.73704982733103|78.75349449103766|80.38151619799375|80.43085018911363|80.9570794277257|81.17086005591186|80.85841144548594|
| Fac Loc Reg One Step |74.23121197171518|76.22101628021707|77.73392534122677|78.1779312613057|78.91794112810393|79.64150633119553|80.61174148988653|80.9570794277257|81.17086005591186|80.97352409143232|
| Rand Reg One Step |74.23121197171518|76.40190758098997|77.89837197829304|78.98371978293044|79.50994902154251|80.20062489722085|80.48018418023351|80.85841144548594|81.3188620292715|80.80907745436606|
| Facility Location |74.23121197171518|77.09258345666831|77.86548265087978|78.55615852655814|79.65795099490215|79.72372964972867|79.27972372964973|79.50994902154251|80.06906758756783|80.46373951652689|
| FASS |74.23121197171518|77.66814668640026|78.91794112810393|80.08551225127447|80.82552211807268|80.94063476401908|81.40108534780464|81.02285808255222|80.94063476401908|80.92419010031244|
| Random |74.23121197171518|74.51077125472784|75.8098996875514|76.00723565203091|76.36901825357671|76.12234829797731|76.63213287288275|77.33925341226772|80.24995888834073|80.43085018911363|
| BADGE |74.19832264430192|77.09258345666831|77.50370004933399|78.63838184509127|79.50994902154251|80.33218220687387|80.84196678177932|81.3188620292715|81.74642328564381|82.20687386942937|
---------------------------------------------------------------------


Test Accuracy
---------------------------------------------------------------------
|Algo                            |2189|4378|6567|8756|10945|13134|15323|17512|19701|21890|
| One Step Taylor |74.11190053285968|75.94730609828301|77.66429840142096|78.56719952634695|78.8040260509177|79.9141503848431|80.44701006512729|80.87625814091179|81.09828300769686|80.83185316755477|
| Fac Loc Reg One Step |74.11190053285968|75.97690941385436|77.85671995263469|78.55239786856127|78.96684428656009|79.79573712255772|80.32859680284191|80.72824156305506|80.44701006512729|80.93546477205447|
| Rand Reg One Step |74.11190053285968|75.93250444049734|77.70870337477797|78.37477797513321|79.24807578448787|80.1213735938425|80.32859680284191|80.72824156305506|80.62462995855536|80.2841918294849|
| Facility Location |74.23121197171518|77.09258345666831|77.86548265087978|78.55615852655814|79.65795099490215|79.72372964972867|79.27972372964973|79.50994902154251|80.06906758756783|80.46373951652689|
| FASS |74.11190053285968|76.56897572528123|78.12314979277679|78.73001776198934|79.55891059798698|79.94375370041445|80.41740674955595|80.29899348727058|80.84665482534044|80.53582001184132|
| Random |74.11190053285968|74.5263469508585|75.65127294256956|76.4801657785672|76.31734754292481|76.28774422735346|76.59857904085257|77.08703374777976|79.72172883362937|79.63291888691533|
| BADGE |74.09709887507401|76.53937240970988|77.26465364120781|78.47838957963292|78.67081113084666|79.63291888691533|80.47661338069864|80.92066311426879|81.1278863232682|81.76435760805211|
---------------------------------------------------------------------


Unlabeled data Accuracy
---------------------------------------------------------------------
|Algo                            |2189|4378|6567|8756|10945|13134|15323|17512|19701|21890|
| One Step Taylor |73.95252327197274|76.16105836081205|77.34928249537931|77.83917848751197|78.3026841804683|80.81325446063579|83.00378201385892|85.196731885616|86.63582626574146|87.84648187633262|
| Fac Loc Reg One Step |73.95252327197274|76.24448770410393|77.35966606441966|77.13645461665651|77.81610508280983|80.09426249218487|82.4453638601924|84.6350247258654|86.00759587652418|87.29515686871764|
| Rand Reg One Step |73.95252327197274|76.60052042985122|77.65756411587581|77.91676637587835|79.11098928710112|81.41905700752567|83.32868055731797|85.25594518339379|86.79304536500413|87.82849660464692|
| Facility Location |73.95252327197274|77.11850939573318|78.10312960770877|79.29248977460621|80.23529411764706|80.71706824412061|80.81325989288524|81.05783702429585|81.33299066221194|81.13310996040207|
| FASS |73.95252327197274|78.03821858487943|80.50173405602973|82.68862588112435|84.60536836093661|86.10349636897033|87.8214077214001|89.15555794452806|90.96776035866245|92.22966798659762|
| Random |73.95252327197274|75.88590497378038|77.63772660257075|79.10376332390689|79.83463901514287|80.01490527935378|80.81910223552995|82.45392509806028|88.91679748822607|89.0800048709206|
| BADGE |73.93539053130533|77.1304278733463|78.70329989824103|80.40858062831781|81.912050256996|83.57139421920839|85.16384496281442|86.7313480971834|88.29492561181073|89.9664940603107|
---------------------------------------------------------------------
