=======================================
satimage_fraction:0.2_epochs:200_no of selection:10 2020-08-31 01:30:00.186086
satimage :Budget =  0.2
Validation Accuracy
---------------------------------------------------------------------
|Algo                            |63|126|189|252|315|378|441|504|567|630|
| Taylor Online |80.7663410969196|82.04357625845229|82.79489105935387|83.54620586025544|83.92186326070623|83.6213373403456|83.77160030052592|83.9969947407964|84.07212622088655|84.07212622088655|
| Full OneStep |80.7663410969196|81.51765589782119|82.11870773854245|81.6679188580015|81.81818181818181|82.34410217881292|81.81818181818181|80.91660405709993|81.21712997746056|81.51765589782119|
| Facloc Regularized |80.7663410969196|81.96844477836214|82.49436513899323|83.24567993989481|83.77160030052592|83.92186326070623|83.92186326070623|83.69646882043577|83.84673178061608|83.9969947407964|
| Random Greedy |80.7663410969196|81.6679188580015|82.64462809917356|83.02028549962434|83.32081141998498|83.24567993989481|83.77160030052592|83.69646882043577|83.77160030052592|83.9969947407964|
| Facility Location |81.36739293764087|82.11870773854245|81.89331329827198|81.89331329827198|82.5694966190834|82.26897069872277|82.71975957926371|82.79489105935387|82.49436513899323|82.94515401953419|
| FASS |80.7663410969196|82.04357625845229|83.69646882043577|83.9969947407964|84.14725770097671|84.22238918106687|84.37265214124719|84.44778362133734|84.22238918106687|84.22238918106687|
| Random |80.7663410969196|82.49436513899323|81.81818181818181|80.84147257700977|81.1419984973704|81.44252441773104|81.21712997746056|81.59278737791135|81.29226145755071|81.1419984973704|
| Random Perturbation |80.7663410969196|81.06686701728025|82.04357625845229|82.87002253944402|82.71975957926371|83.02028549962434|83.32081141998498|83.39594290007513|83.84673178061608|83.69646882043577|
| BADGE |82.5694966190834|83.32081141998498|83.9969947407964|84.14725770097671|84.07212622088655|83.9969947407964|84.37265214124719|84.37265214124719|84.67317806160781|84.37265214124719|
---------------------------------------------------------------------


Test Accuracy
---------------------------------------------------------------------
|Algo                            |63|126|189|252|315|378|441|504|567|630|
| Taylor Online |79.65|81.05|81.7|82.05|82.25|82.3|82.45|82.75|83.0|83.0|
| Full OneStep |79.65|81.15|82.4|81.3|81.15|81.35|81.25|81.65|81.7|81.4|
| Facloc Regularized |79.65|81.1|81.5|82.0|82.15|82.4|82.6|82.85|82.8|83.05|
| Random Greedy |79.65|81.0|81.35|82.0|82.15|82.15|82.35|82.95|83.2|83.05|
| Facility Location |81.36739293764087|82.11870773854245|81.89331329827198|81.89331329827198|82.5694966190834|82.26897069872277|82.71975957926371|82.79489105935387|82.49436513899323|82.94515401953419|
| FASS |79.65|80.9|81.45|82.2|82.6|82.8|83.2|83.3|83.55|83.45|
| Random |79.65|81.65|82.0|82.2|82.65|82.6|82.5|83.05|83.0|83.05|
| Random Perturbation |79.65|81.45|81.65|81.8|82.3|82.4|83.0|82.6|82.95|83.4|
| BADGE |81.45|82.75|82.7|83.1|83.0|83.05|82.85|83.05|83.35|83.5|
---------------------------------------------------------------------


Unlabeled data Accuracy
---------------------------------------------------------------------
|Algo                            |63|126|189|252|315|378|441|504|567|630|
| Taylor Online |81.71654061164091|83.10946944257891|83.36192109777015|83.76577840112202|85.15596988167802|85.58327219369039|86.21855050694705|86.73076923076923|86.9925108395743|87.46968472109944|
| Full OneStep |81.71654061164091|83.24378777703157|84.32246998284734|84.36185133239832|84.0086052348512|83.93250183418928|83.85279759669545|83.84615384615384|83.79976350019709|83.50848827809216|
| Facloc Regularized |81.71654061164091|83.00873069173942|83.36192109777015|84.15147265077138|84.58228755826461|85.39985326485693|85.95568907247466|86.53846153846153|86.79542767047694|86.86337914308811|
| Random Greedy |81.71654061164091|83.21584424303458|83.75042852245457|84.16812609457092|84.64017185821697|85.57305016477481|86.39940052454102|87.18833908707326|87.62278978388998|87.63592428513894|
| Facility Location |82.5386386057218|85.02350570852921|84.8713550600343|85.72931276297335|85.55037647902473|85.58327219369039|85.61772437101014|85.76923076923077|85.33701221915648|85.44866612772837|
| FASS |81.71654061164091|83.41168569509738|83.63636363636364|84.81767180925667|85.47866618859807|86.39031548055759|87.2324446113406|87.96153846153847|88.64800945999211|89.32902182700082|
| Random |81.71654061164091|83.8482202820685|84.6655231560892|84.64235624123422|84.68985299390462|84.77622890682318|84.75403680060083|85.46153846153847|85.49467875443437|85.24656426839127|
| Random Perturbation |81.71654061164091|82.60577568838147|82.74442538593482|84.1164095371669|84.0086052348512|84.18928833455612|85.01689823507323|85.11538461538461|86.00709499408751|86.09539207760712|
| BADGE |84.01611820013431|85.1114922813036|85.51893408134643|86.76945141627823|87.34409391049157|88.02102891475779|88.46153846153847|89.27867560110367|90.21827000808408|90.66777270841975|
---------------------------------------------------------------------
