=======================================
dna_fraction:0.4_epochs:200_no of selection:10 2020-09-09 22:40:53.325719
dna :Budget =  0.4
Validation Accuracy
---------------------------------------------------------------------
|Algo                            |56|112|168|224|280|336|392|448|504|560|
| One Step Taylor |54.5|84.66666666666667|91.0|93.33333333333333|92.5|93.83333333333333|94.33333333333333|95.33333333333333|95.66666666666667|96.0|
| Fac Loc Reg One Step |54.5|84.16666666666667|90.83333333333333|93.16666666666667|93.33333333333333|94.0|95.0|95.0|94.5|94.5|
| Rand Reg One Step |54.5|84.66666666666667|92.0|92.16666666666667|94.83333333333333|94.5|94.5|94.5|95.33333333333333|95.0|
| Facility Location |54.5|81.0|88.83333333333333|89.83333333333333|90.83333333333333|90.66666666666667|90.83333333333333|90.33333333333333|91.66666666666667|91.83333333333333|
| FASS |54.5|84.66666666666667|90.33333333333333|93.5|93.33333333333333|94.33333333333333|94.66666666666667|94.66666666666667|94.5|94.5|
| Random |54.5|84.33333333333333|89.83333333333333|90.16666666666667|90.83333333333333|91.16666666666667|92.0|93.16666666666667|93.5|93.33333333333333|
| BADGE |40.833333333333336|76.33333333333333|81.16666666666667|85.0|85.5|88.66666666666667|90.5|91.16666666666667|92.83333333333333|92.5|
---------------------------------------------------------------------


Test Accuracy
---------------------------------------------------------------------
|Algo                            |56|112|168|224|280|336|392|448|504|560|
| One Step Taylor |56.74536256323778|84.14839797639124|89.54468802698145|89.96627318718382|91.90556492411467|93.00168634064082|92.15851602023609|92.58010118043845|92.58010118043845|93.08600337268128|
| Fac Loc Reg One Step |56.74536256323778|83.30522765598651|87.85834738617201|88.95446880269814|91.8212478920742|92.4114671163575|92.7487352445194|93.00168634064082|93.76053962900505|94.01349072512647|
| Rand Reg One Step |56.74536256323778|83.05227655986509|89.29173693086004|91.90556492411467|91.56829679595278|92.07419898819562|93.42327150084317|94.2664418212479|93.3389544688027|93.59190556492412|
| Facility Location |54.5|81.0|88.83333333333333|89.83333333333333|90.83333333333333|90.66666666666667|90.83333333333333|90.33333333333333|91.66666666666667|91.83333333333333|
| FASS |56.74536256323778|84.48566610455312|90.21922428330522|90.47217537942664|91.73693086003372|91.90556492411467|91.73693086003372|92.24283305227657|92.49578414839797|92.83305227655987|
| Random |56.74536256323778|83.22091062394604|87.68971332209107|88.36424957841484|89.29173693086004|90.3035413153457|89.96627318718382|89.88195615514334|91.14671163575042|91.90556492411467|
| BADGE |42.83305227655986|76.55986509274874|81.36593591905564|83.97976391231029|86.00337268128162|87.68971332209107|89.12310286677909|88.95446880269814|90.893760539629|91.73693086003372|
---------------------------------------------------------------------


Unlabeled data Accuracy
---------------------------------------------------------------------
|Algo                            |56|112|168|224|280|336|392|448|504|560|
| One Step Taylor |53.348214285714285|85.32608695652173|91.96428571428571|93.28231292517007|95.26785714285714|96.2406015037594|97.32142857142857|98.52941176470588|98.99553571428571|99.4047619047619|
| Fac Loc Reg One Step |53.348214285714285|84.62732919254658|90.09740259740259|93.36734693877551|94.82142857142857|96.8984962406015|97.12301587301587|97.89915966386555|98.4375|99.04761904761905|
| Rand Reg One Step |53.348214285714285|84.56167571761056|91.08589951377634|93.29940627650551|94.57295373665481|95.88400374181478|97.0414201183432|97.60166840458811|98.11946902654867|98.46878680800943|
| Facility Location |53.348214285714285|80.04658385093168|87.98701298701299|88.60544217687075|88.83928571428571|89.00375939849624|89.78174603174604|90.12605042016807|90.84821428571429|91.42857142857143|
| FASS |53.348214285714285|84.70496894409938|90.3409090909091|93.02721088435374|93.83928571428571|94.3609022556391|95.53571428571429|95.58823529411765|96.20535714285714|96.07142857142857|
| Random |53.348214285714285|84.10852713178295|90.04854368932038|90.27072758037225|90.33687943262412|90.40968342644321|90.09803921568627|89.85507246376811|91.2280701754386|92.77389277389277|
| BADGE |40.029761904761905|78.26086956521739|83.27922077922078|85.28911564625851|89.10714285714286|90.41353383458646|93.05555555555556|93.27731092436974|94.41964285714286|96.19047619047619|
---------------------------------------------------------------------
