=======================================
mnist_fraction:0.2_epochs:200_no of selection:10 2020-09-11 12:04:46.011928
mnist :Budget =  0.2
Validation Accuracy
---------------------------------------------------------------------
|Algo                            |1080|2160|3240|4320|5400|6480|7560|8640|9720|10800|
| One Step Taylor |91.43333333333334|93.63333333333334|94.63333333333334|95.21666666666667|95.56666666666666|95.9|95.76666666666667|96.03333333333333|96.06666666666666|96.3|
| Fac Loc Reg One Step |91.43333333333334|94.13333333333334|95.21666666666667|95.6|96.16666666666667|95.85|96.28333333333333|96.08333333333333|96.16666666666667|96.4|
| Rand Reg One Step |91.43333333333334|93.85|94.63333333333334|95.3|95.33333333333333|95.95|95.81666666666666|96.25|96.28333333333333|96.26666666666667|
| Facility Location |91.43333333333334|92.43333333333334|92.86666666666666|92.96666666666667|92.96666666666667|93.13333333333334|93.46666666666667|93.63333333333334|93.68333333333334|93.41666666666667|
| FASS |91.43333333333334|94.65|95.41666666666667|96.01666666666667|96.23333333333333|96.11666666666666|96.2|95.98333333333333|96.31666666666666|96.11666666666666|
| Random |91.43333333333334|91.83333333333333|92.78333333333333|93.0|92.73333333333333|93.16666666666667|93.16666666666667|92.88333333333334|93.11666666666666|93.45|
| BADGE |89.85|92.9|94.06666666666666|95.7|92.01666666666667|95.55|96.4|96.71666666666667|96.35|96.7|
---------------------------------------------------------------------


Test Accuracy
---------------------------------------------------------------------
|Algo                            |1080|2160|3240|4320|5400|6480|7560|8640|9720|10800|
| One Step Taylor |91.42|94.16|95.09|94.94|95.79|95.75|95.97|96.08|95.83|96.0|
| Fac Loc Reg One Step |91.42|94.44|95.36|95.7|96.03|96.11|96.31|96.36|96.17|96.64|
| Rand Reg One Step |91.42|94.39|94.99|95.83|95.58|95.64|96.09|96.45|96.17|96.27|
| Facility Location |91.43333333333334|92.43333333333334|92.86666666666666|92.96666666666667|92.96666666666667|93.13333333333334|93.46666666666667|93.63333333333334|93.68333333333334|93.41666666666667|
| FASS |91.42|94.47|95.19|95.35|95.45|95.56|95.58|95.55|95.76|95.55|
| Random |91.42|92.95|93.26|93.05|93.36|93.91|93.59|93.67|93.36|93.88|
| BADGE |90.16|92.33|94.38|95.52|92.59|95.78|96.28|96.32|95.84|96.5|
---------------------------------------------------------------------


Unlabeled data Accuracy
---------------------------------------------------------------------
|Algo                            |1080|2160|3240|4320|5400|6480|7560|8640|9720|10800|
| One Step Taylor |90.47052154195012|94.13194444444444|95.60480693459417|96.29428341384863|97.24691358024691|97.78619528619528|98.22782084409991|98.61772486772487|98.95889792231256|99.20370370370371|
| Fac Loc Reg One Step |90.47052154195012|94.3113425925926|95.80181245074863|96.71900161030595|97.33127572016461|97.93560606060606|98.40008613264428|98.7742504409171|99.06955736224029|99.39351851851852|
| Rand Reg One Step |90.47052154195012|94.34027777777777|95.57131599684791|96.68075684380032|97.11934156378601|97.71254208754209|98.18475452196382|98.64197530864197|98.8821138211382|99.17824074074075|
| Facility Location |90.47052154195012|91.93287037037037|92.59653270291568|92.45169082125604|92.15020576131687|92.15488215488216|92.33204134366925|92.46031746031746|92.45257452574526|92.03472222222223|
| FASS |90.47052154195012|94.18595679012346|95.28959810874704|95.77294685990339|95.88477366255144|96.1026936026936|96.13695090439276|96.25881834215167|96.38888888888889|96.47453703703704|
| Random |90.47052154195012|92.22800925925925|92.9826635145784|92.98510466988728|93.13786008230453|93.19654882154882|93.39147286821705|93.14814814814815|92.91102077687444|93.10879629629629|
| BADGE |89.26492819349963|92.71604938271605|94.67100078802207|96.43921095008052|93.78600823045268|97.18223905723906|97.78208440999138|98.27276314059007|98.35004925226113|99.08002202441038|
---------------------------------------------------------------------
