=======================================
mnist_fraction:0.1_epochs:200_no of selection:10 2020-09-11 11:28:52.572725
mnist :Budget =  0.1
Validation Accuracy
---------------------------------------------------------------------
|Algo                            |394|788|1182|1576|1970|2364|2758|3152|3546|3940|
| One Step Taylor |75.46666666666667|78.3|82.51666666666667|85.45|85.86666666666666|87.15|89.15|89.35|90.78333333333333|90.05|
| Fac Loc Reg One Step |75.46666666666667|81.86666666666666|85.15|86.35|84.68333333333334|87.81666666666666|90.41666666666667|90.68333333333334|88.31666666666666|91.4|
| Rand Reg One Step |75.46666666666667|82.48333333333333|84.98333333333333|86.86666666666666|90.38333333333334|89.3|87.75|89.53333333333333|90.43333333333334|91.36666666666666|
| Facility Location |75.46666666666667|79.55|81.2|80.98333333333333|83.0|81.23333333333333|78.93333333333334|85.23333333333333|81.43333333333334|85.48333333333333|
| FASS |75.46666666666667|87.03333333333333|91.56666666666666|91.21666666666667|91.78333333333333|93.81666666666666|92.81666666666666|91.68333333333334|92.53333333333333|90.81666666666666|
| Random |75.46666666666667|85.33333333333333|87.78333333333333|90.33333333333333|89.75|90.05|89.96666666666667|90.25|90.71666666666667|90.81666666666666|
| BADGE |84.66666666666667|89.28333333333333|92.6|91.71666666666667|94.3|93.43333333333334|95.61666666666666|95.05|95.25|94.95|
---------------------------------------------------------------------


Test Accuracy
---------------------------------------------------------------------
|Algo                            |394|788|1182|1576|1970|2364|2758|3152|3546|3940|
| One Step Taylor |76.26|77.27|81.38|84.54|85.41|86.53|88.5|88.74|90.22|89.51|
| Fac Loc Reg One Step |76.26|80.17|85.0|86.73|84.52|87.86|90.36|91.07|88.09|90.56|
| Rand Reg One Step |76.26|81.93|84.73|86.04|89.85|88.99|87.04|89.15|90.35|91.0|
| Facility Location |75.46666666666667|79.55|81.2|80.98333333333333|83.0|81.23333333333333|78.93333333333334|85.23333333333333|81.43333333333334|85.48333333333333|
| FASS |76.26|87.34|90.85|90.65|91.55|93.25|92.49|90.96|91.94|90.89|
| Random |76.26|85.97|87.99|90.22|90.17|90.5|89.8|90.4|90.91|91.14|
| BADGE |84.5|88.8|92.26|91.74|94.46|93.18|95.34|95.09|95.21|95.13|
---------------------------------------------------------------------


Unlabeled data Accuracy
---------------------------------------------------------------------
|Algo                            |394|788|1182|1576|1970|2364|2758|3152|3546|3940|
| One Step Taylor |86.6704349836849|82.98855348197368|90.75341567671046|90.28856090516442|93.49846030258401|93.62398852534437|94.35949339387805|95.73873848961645|96.27610500712908|96.27985865724382|
| Fac Loc Reg One Step |86.6704349836849|84.97417395592701|91.07072614271104|93.32520734518668|93.1878430847503|94.557657438229|95.45093962852532|96.29732046566933|93.42726942324359|96.1583038869258|
| Rand Reg One Step |86.6704349836849|87.6219892026578|90.24780385472663|93.07137936516348|94.01054914455541|95.2024028574521|92.46232530153434|95.97732927840752|95.52226290633648|96.89690255482704|
| Facility Location |86.6704349836849|89.4359799621045|89.85393228961792|89.46977927343067|90.5984736912572|89.94614489459013|89.6408348606286|90.74744905013411|90.51692806620258|90.86643109540636|
| FASS |86.6704349836849|90.1264048589301|92.56549445362285|94.22613211796815|95.39429642522425|94.91218099645477|95.85305139918484|96.00973370572132|96.6591182308703|96.54275618374558|
| Random |86.6704349836849|85.28198074277854|88.43239558480376|90.54329686630818|90.74971226680228|90.124692326418|90.76023072086602|91.9924843193059|90.52819753638167|91.50264042246759|
| BADGE |84.2629556392941|88.9423438322183|92.46847665568556|91.79574240805738|94.6665385354603|93.58587032303045|95.72811365676593|95.48261485210824|96.0280651682721|96.13463843387935|
---------------------------------------------------------------------
