=======================================
dna_fraction:0.5_epochs:200_no of selection:10 2020-09-12 20:09:14.816686
dna :Budget =  0.5
Validation Accuracy
---------------------------------------------------------------------
|Algo                            |70|140|210|280|350|420|490|560|630|700|
| One Step Taylor |58.166666666666664|85.33333333333333|90.0|91.83333333333333|92.5|94.66666666666667|95.0|95.33333333333333|95.83333333333333|96.0|
| Fac Loc Reg One Step |58.166666666666664|85.16666666666667|89.83333333333333|91.66666666666667|94.0|93.83333333333333|95.16666666666667|95.5|95.5|95.0|
| Rand Reg One Step |58.166666666666664|86.5|91.33333333333333|91.16666666666667|92.66666666666667|93.33333333333333|94.16666666666667|95.16666666666667|94.83333333333333|94.66666666666667|
| Facility Location |58.166666666666664|85.66666666666667|88.5|89.33333333333333|89.33333333333333|90.66666666666667|91.16666666666667|92.0|92.83333333333333|93.66666666666667|
| FASS |58.166666666666664|86.33333333333333|92.5|93.5|94.5|94.33333333333333|93.66666666666667|92.0|91.83333333333333|92.66666666666667|
| Random |58.166666666666664|83.66666666666667|89.33333333333333|90.0|91.0|91.0|91.0|90.83333333333333|91.66666666666667|92.33333333333333|
| BADGE |58.166666666666664|85.83333333333333|90.83333333333333|93.16666666666667|94.0|94.66666666666667|95.83333333333333|96.16666666666667|95.5|95.5|
---------------------------------------------------------------------


Test Accuracy
---------------------------------------------------------------------
|Algo                            |70|140|210|280|350|420|490|560|630|700|
| One Step Taylor |59.27487352445194|86.08768971332209|89.7133220910624|90.47217537942664|90.64080944350759|91.48397976391232|92.24283305227657|92.58010118043845|92.66441821247892|92.7487352445194|
| Fac Loc Reg One Step |59.27487352445194|86.17200674536257|89.79763912310287|91.14671163575042|92.15851602023609|92.49578414839797|93.929173693086|93.50758853288364|93.17032040472175|93.42327150084317|
| Rand Reg One Step |59.27487352445194|86.6779089376054|90.72512647554807|90.64080944350759|91.90556492411467|93.76053962900505|92.66441821247892|93.17032040472175|93.17032040472175|93.25463743676222|
| Facility Location |59.27487352445194|85.58178752107926|89.20741989881957|88.53288364249579|90.13490725126475|90.64080944350759|90.3035413153457|90.72512647554807|91.06239460370995|90.97807757166947|
| FASS |59.27487352445194|86.34064080944351|89.7133220910624|90.893760539629|91.98988195615514|91.31534569983137|91.98988195615514|91.2310286677909|92.4114671163575|93.00168634064082|
| Random |59.27487352445194|84.40134907251264|88.44856661045532|88.70151770657672|89.3760539629005|89.46037099494097|90.3035413153457|90.05059021922429|90.3035413153457|90.05059021922429|
| BADGE |59.27487352445194|84.65430016863407|89.88195615514334|91.31534569983137|92.24283305227657|93.59190556492412|93.42327150084317|93.00168634064082|93.929173693086|94.2664418212479|
---------------------------------------------------------------------


Unlabeled data Accuracy
---------------------------------------------------------------------
|Algo                            |70|140|210|280|350|420|490|560|630|700|
| One Step Taylor |55.41353383458647|86.11111111111111|90.75630252100841|93.03571428571429|95.14285714285714|95.91836734693878|96.81318681318682|97.97619047619048|98.05194805194805|98.57142857142857|
| Fac Loc Reg One Step |55.41353383458647|86.66666666666667|91.68067226890756|94.19642857142857|96.0|97.14285714285714|97.58241758241758|97.85714285714286|98.18181818181819|98.14285714285714|
| Rand Reg One Step |55.41353383458647|85.63492063492063|91.9327731092437|93.75|95.14285714285714|96.42857142857143|97.58241758241758|97.97619047619048|97.92207792207792|97.71428571428571|
| Facility Location |55.41353383458647|84.12698412698413|88.99159663865547|88.21428571428571|89.42857142857143|89.38775510204081|88.9010989010989|89.52380952380952|90.25974025974025|91.85714285714286|
| FASS |55.41353383458647|86.58730158730158|91.42857142857143|92.67857142857143|93.42857142857143|93.77551020408163|95.16483516483517|95.35714285714286|94.8051948051948|95.0|
| Random |55.41353383458647|84.37747819191118|88.50671140939598|89.67052537845058|91.27134724857684|91.26903553299492|91.92139737991266|91.14521841794569|91.25964010282776|90.26798307475318|
| BADGE |55.41353383458647|85.31746031746032|89.49579831932773|92.5|94.57142857142857|96.42857142857143|97.6923076923077|98.33333333333333|98.7012987012987|99.57142857142857|
---------------------------------------------------------------------
