=======================================
satimage_fraction:0.5_epochs:200_no of selection:10 2020-09-12 20:22:06.122487
satimage :Budget =  0.5
Validation Accuracy
---------------------------------------------------------------------
|Algo                            |156|312|468|624|780|936|1092|1248|1404|1560|
| One Step Taylor |79.56423741547708|78.88805409466566|83.6213373403456|83.6213373403456|83.77160030052592|83.84673178061608|83.9969947407964|83.32081141998498|84.5229151014275|84.5229151014275|
| Fac Loc Reg One Step |79.56423741547708|80.54094665664914|83.6213373403456|83.69646882043577|84.07212622088655|84.22238918106687|83.9969947407964|84.22238918106687|84.14725770097671|84.22238918106687|
| Rand Reg One Step |79.56423741547708|80.69120961682945|83.69646882043577|84.07212622088655|84.67317806160781|84.59804658151765|85.12396694214875|85.19909842223892|85.27422990232908|85.57475582268971|
| Facility Location |79.56423741547708|83.17054845980466|83.39594290007513|84.14725770097671|84.22238918106687|84.29752066115702|84.44778362133734|84.67317806160781|84.5229151014275|84.07212622088655|
| FASS |79.56423741547708|83.47107438016529|84.74830954169798|85.12396694214875|84.89857250187829|84.67317806160781|85.49962434259955|84.82344102178813|83.92186326070623|83.32081141998498|
| Random |79.56423741547708|83.17054845980466|83.39594290007513|84.44778362133734|83.69646882043577|84.14725770097671|84.59804658151765|84.59804658151765|84.74830954169798|83.6213373403456|
| BADGE |79.41397445529677|83.39594290007513|83.32081141998498|80.99173553719008|81.51765589782119|81.44252441773104|81.89331329827198|81.21712997746056|81.6679188580015|81.6679188580015|
---------------------------------------------------------------------


Test Accuracy
---------------------------------------------------------------------
|Algo                            |156|312|468|624|780|936|1092|1248|1404|1560|
| One Step Taylor |79.8|75.1|81.65|82.4|82.3|82.55|82.2|82.55|83.55|84.7|
| Fac Loc Reg One Step |79.8|77.1|81.95|82.15|82.4|82.45|82.25|82.9|82.7|83.45|
| Rand Reg One Step |79.8|77.15|81.75|83.05|84.35|85.7|85.55|85.45|84.75|85.8|
| Facility Location |79.8|80.55|82.75|83.35|83.35|83.7|83.95|84.95|85.3|84.8|
| FASS |79.8|80.05|82.85|83.7|83.5|84.45|84.9|85.6|85.25|85.1|
| Random |79.8|80.75|82.75|84.0|84.35|83.6|84.95|86.0|85.05|84.3|
| BADGE |79.8|82.3|84.2|84.55|85.75|85.25|85.35|85.45|85.35|85.85|
---------------------------------------------------------------------


Unlabeled data Accuracy
---------------------------------------------------------------------
|Algo                            |156|312|468|624|780|936|1092|1248|1404|1560|
| One Step Taylor |81.68249660786974|73.88968481375358|83.57359635811837|84.2741935483871|83.8209982788296|82.93357933579335|81.95825049701789|81.30387931034483|82.17647058823529|86.07512953367876|
| Fac Loc Reg One Step |81.68249660786974|76.61174785100286|84.25644916540213|84.2741935483871|84.2512908777969|83.34870848708488|81.85884691848906|80.76508620689656|79.0|78.82124352331606|
| Rand Reg One Step |81.68249660786974|76.90655209452201|84.49583017437453|84.93757551349174|88.14432989690722|90.70409572020249|91.67492566897918|91.8947933440687|91.4519906323185|90.920798454604|
| Facility Location |81.68249660786974|82.6647564469914|85.58421851289833|87.21774193548387|87.1342512908778|87.96125461254613|87.27634194831013|89.11637931034483|88.6470588235294|88.860103626943|
| FASS |81.68249660786974|81.55444126074498|87.10166919575114|88.66935483870968|90.49053356282272|92.57380073800738|94.58250497017893|95.79741379310344|96.94117647058823|97.99222797927462|
| Random |81.68249660786974|82.98710601719198|86.49468892261001|87.25806451612904|87.0051635111876|87.36162361623616|88.9662027833002|90.03232758620689|89.05882352941177|88.92487046632124|
| BADGE |81.64857530529173|84.92120343839541|88.42943854324734|90.40322580645162|91.99655765920826|93.21955719557195|94.38369781312127|95.79741379310344|96.58823529411765|97.66839378238342|
---------------------------------------------------------------------
