=======================================
letter_fraction:0.2_epochs:200_no of selection:10 2020-09-09 11:44:27.511857
letter :Budget =  0.2
Validation Accuracy
---------------------------------------------------------------------
|Algo                            |210|420|630|840|1050|1260|1470|1680|1890|2100|
| One Step Taylor |48.355555555555554|38.333333333333336|29.622222222222224|31.77777777777778|38.62222222222222|37.75555555555555|31.4|40.0|36.577777777777776|45.75555555555555|
| Fac Loc Reg One Step |48.355555555555554|39.111111111111114|35.62222222222222|42.17777777777778|33.955555555555556|32.24444444444445|44.62222222222222|30.488888888888887|40.2|45.68888888888889|
| Rand Reg One Step |48.355555555555554|40.75555555555555|35.86666666666667|33.577777777777776|31.622222222222224|47.644444444444446|37.28888888888889|40.75555555555555|36.44444444444444|35.84444444444444|
| Facility Location |48.355555555555554|50.71111111111111|56.62222222222222|47.08888888888889|46.28888888888889|44.6|42.6|52.13333333333333|47.75555555555555|51.86666666666667|
| FASS |48.355555555555554|25.68888888888889|23.77777777777778|34.77777777777778|46.86666666666667|19.68888888888889|38.15555555555556|31.511111111111113|36.77777777777778|41.955555555555556|
| Random |48.355555555555554|66.73333333333333|63.044444444444444|62.84444444444444|65.6|59.733333333333334|56.2|53.08888888888889|50.955555555555556|52.91111111111111|
| BADGE |44.75555555555555|59.2|65.64444444444445|71.42222222222222|73.66666666666667|74.86666666666666|77.2|78.55555555555556|79.64444444444445|81.55555555555556|
---------------------------------------------------------------------


Test Accuracy
---------------------------------------------------------------------
|Algo                            |210|420|630|840|1050|1260|1470|1680|1890|2100|
| One Step Taylor |48.66|38.66|30.52|32.86|39.28|37.7|33.14|39.9|35.58|45.08|
| Fac Loc Reg One Step |48.66|38.96|35.1|42.74|34.58|32.32|45.44|31.92|40.4|44.82|
| Rand Reg One Step |48.66|40.72|36.84|35.0|30.76|47.04|38.12|39.14|35.8|36.98|
| Facility Location |48.355555555555554|50.71111111111111|56.62222222222222|47.08888888888889|46.28888888888889|44.6|42.6|52.13333333333333|47.75555555555555|51.86666666666667|
| FASS |48.66|25.66|23.2|33.38|44.88|19.96|38.52|31.48|36.04|41.94|
| Random |48.66|66.88|62.9|62.0|65.4|58.82|55.92|54.1|51.16|51.2|
| BADGE |43.2|58.38|65.28|71.12|72.96|75.44|77.98|79.22|79.62|80.9|
---------------------------------------------------------------------


Unlabeled data Accuracy
---------------------------------------------------------------------
|Algo                            |210|420|630|840|1050|1260|1470|1680|1890|2100|
| One Step Taylor |49.951409135082606|36.41865079365079|30.38500506585613|30.786749482401657|38.25396825396825|37.586580086580085|33.74307862679956|39.0702947845805|36.81765389082462|45.94047619047619|
| Fac Loc Reg One Step |49.951409135082606|35.67460317460318|35.278622087132725|41.94616977225673|32.92063492063492|31.071428571428573|45.27131782945737|32.2108843537415|39.83739837398374|44.964285714285715|
| Rand Reg One Step |49.951409135082606|39.236111111111114|35.450861195542046|34.23395445134575|30.962962962962962|45.8008658008658|38.21705426356589|39.59183673469388|37.52613240418118|35.36904761904762|
| Facility Location |49.951409135082606|50.01984126984127|56.271529888551164|47.484472049689444|45.386243386243386|44.675324675324674|41.96013289036545|51.859410430839006|45.49361207897793|50.214285714285715|
| FASS |49.951409135082606|23.918650793650794|23.97163120567376|33.302277432712216|46.53968253968254|20.335497835497836|39.97785160575858|30.96371882086168|37.2938443670151|43.166666666666664|
| Random |49.951409135082606|65.88970442372545|62.97346566740936|61.92840885578316|64.4639458659336|58.637837837837836|55.44127405441274|53.86008603124292|50.823092974727565|51.627464956046566|
| BADGE |44.25655976676385|58.76984126984127|65.91691995947315|71.7080745341615|73.76719576719577|76.15800865800865|78.42746400885936|80.19274376417233|81.602787456446|82.77380952380952|
---------------------------------------------------------------------
