=======================================
usps_fraction:0.5_epochs:200_no of selection:10 2020-09-09 14:56:10.313449
usps :Budget =  0.5
Validation Accuracy
---------------------------------------------------------------------
|Algo                            |329|658|987|1316|1645|1974|2303|2632|2961|3290|
| One Step Taylor |93.42465753424658|93.42465753424658|91.23287671232876|94.65753424657534|95.89041095890411|96.84931506849315|96.16438356164383|95.89041095890411|96.57534246575342|96.57534246575342|
| Fac Loc Reg One Step |93.42465753424658|91.91780821917808|91.5068493150685|91.5068493150685|94.52054794520548|95.89041095890411|96.71232876712328|96.98630136986301|96.02739726027397|95.06849315068493|
| Rand Reg One Step |93.42465753424658|93.97260273972603|95.75342465753425|96.71232876712328|94.93150684931507|96.3013698630137|87.3972602739726|92.87671232876713|95.61643835616438|96.3013698630137|
| Facility Location |93.42465753424658|95.20547945205479|94.38356164383562|94.52054794520548|95.06849315068493|94.24657534246575|95.47945205479452|95.47945205479452|94.93150684931507|94.79452054794521|
| FASS |93.42465753424658|96.84931506849315|97.3972602739726|97.3972602739726|96.71232876712328|96.84931506849315|96.98630136986301|96.57534246575342|97.12328767123287|97.12328767123287|
| Random |93.42465753424658|94.52054794520548|94.52054794520548|94.10958904109589|94.52054794520548|95.20547945205479|94.93150684931507|96.43835616438356|96.02739726027397|96.43835616438356|
| BADGE |92.32876712328768|94.93150684931507|97.26027397260275|97.94520547945206|98.35616438356165|98.4931506849315|98.21917808219177|97.8082191780822|98.08219178082192|97.8082191780822|
---------------------------------------------------------------------


Test Accuracy
---------------------------------------------------------------------
|Algo                            |329|658|987|1316|1645|1974|2303|2632|2961|3290|
| One Step Taylor |89.18784255107126|89.03836571998006|87.34429496761335|90.33383158943697|91.03139013452915|91.62929745889387|91.57947184853015|91.57947184853015|92.07772795216741|91.77877428998505|
| Fac Loc Reg One Step |89.18784255107126|87.94220229197808|85.15196811160936|86.84603886397609|89.33731938216243|91.03139013452915|92.07772795216741|92.12755356253115|90.63278525161934|90.28400597907324|
| Rand Reg One Step |89.18784255107126|88.83906327852516|91.1310413552566|91.8784255107125|89.48679621325361|92.02790234180368|83.50772296960638|88.88888888888889|90.9317389138017|92.37668161434978|
| Facility Location |93.42465753424658|95.20547945205479|94.38356164383562|94.52054794520548|95.06849315068493|94.24657534246575|95.47945205479452|95.47945205479452|94.93150684931507|94.79452054794521|
| FASS |89.18784255107126|90.5829596412556|91.1310413552566|90.83208769307424|91.42999501743897|91.57947184853015|90.5829596412556|90.9317389138017|91.1310413552566|90.43348281016442|
| Random |89.18784255107126|90.13452914798206|89.78574987543597|90.3836571998007|90.43348281016442|91.08121574489287|90.68261086198306|90.98156452416542|91.3303437967115|91.57947184853015|
| BADGE |86.24813153961136|90.98156452416542|93.12406576980568|92.9745889387145|93.92127553562531|93.72197309417041|93.42301943198804|93.12406576980568|93.87144992526159|93.52267065271549|
---------------------------------------------------------------------


Unlabeled data Accuracy
---------------------------------------------------------------------
|Algo                            |329|658|987|1316|1645|1974|2303|2632|2961|3290|
| One Step Taylor |93.91848523748395|92.91885481958326|93.41585934696806|95.06196377502383|97.15215622457282|97.4275125354262|98.30906528886801|99.10918808857215|99.38888888888889|99.54142464078264|
| Fac Loc Reg One Step |93.91848523748395|91.44502795188887|91.15536419088626|93.76549094375596|96.31814483319772|97.20950512317418|98.26209488022546|98.95647747518453|98.83333333333333|99.08284928156527|
| Rand Reg One Step |93.91848523748395|94.44444444444444|96.37733142037303|97.77057926829268|97.15447154471545|98.7369337979094|92.4015009380863|96.97662601626017|99.22394678492239|99.45121951219512|
| Facility Location |93.91848523748395|94.17245468405895|93.88231072838177|93.97521448999046|93.30756712774614|93.3071724438631|93.58853922029121|94.01883430898448|94.58333333333333|94.46652399877713|
| FASS |93.91848523748395|94.83313569371506|95.17402224614281|95.44327931363203|95.97233523189585|96.27207325049052|96.5476749647722|96.30949350979893|96.16666666666667|95.78110669520025|
| Random |93.91848523748395|93.47090663058187|93.31187410586553|93.85432473444612|93.73990306946688|94.88341968911917|94.64285714285714|95.29058116232466|95.28867102396514|95.04773269689737|
| BADGE |91.22272143774069|95.13806539047941|97.72156440617151|98.93231649189704|99.59316517493897|99.73839110529758|99.81211836542978|99.87274115551031|99.91666666666667|99.93885661877101|
---------------------------------------------------------------------
