=======================================
dna_fraction:0.5_epochs:200_no of selection:10 2020-09-12 20:08:23.312174
dna :Budget =  0.5
Validation Accuracy
---------------------------------------------------------------------
|Algo                            |70|140|210|280|350|420|490|560|630|700|
| One Step Taylor |69.92481203007519|82.70676691729324|87.96992481203007|89.97493734335839|91.72932330827068|92.4812030075188|92.98245614035088|94.48621553884712|92.98245614035088|93.48370927318295|
| Fac Loc Reg One Step |69.92481203007519|78.44611528822055|85.96491228070175|90.72681704260651|91.47869674185463|92.98245614035088|93.734335839599|93.48370927318295|93.98496240601504|93.48370927318295|
| Rand Reg One Step |69.92481203007519|83.20802005012531|88.7218045112782|91.72932330827068|92.98245614035088|92.73182957393483|93.734335839599|94.73684210526316|94.9874686716792|95.23809523809524|
| Facility Location |69.92481203007519|77.19298245614036|79.19799498746868|83.45864661654136|82.95739348370927|86.71679197994987|87.468671679198|87.71929824561404|87.468671679198|88.97243107769424|
| FASS |69.92481203007519|84.9624060150376|88.22055137844612|90.97744360902256|93.23308270676692|93.98496240601504|93.48370927318295|92.23057644110276|91.72932330827068|91.97994987468671|
| Random |69.92481203007519|78.19548872180451|84.46115288220551|87.96992481203007|89.72431077694236|89.47368421052632|90.72681704260651|89.22305764411027|89.47368421052632|91.2280701754386|
| BADGE |68.67167919799499|87.96992481203007|91.97994987468671|91.72932330827068|92.98245614035088|93.98496240601504|94.23558897243107|95.73934837092732|94.9874686716792|95.98997493734336|
---------------------------------------------------------------------


Test Accuracy
---------------------------------------------------------------------
|Algo                            |70|140|210|280|350|420|490|560|630|700|
| One Step Taylor |70.0|83.45238095238095|90.23809523809524|91.42857142857143|91.54761904761905|92.26190476190476|92.73809523809524|93.33333333333333|92.73809523809524|91.9047619047619|
| Fac Loc Reg One Step |70.0|82.73809523809524|89.76190476190476|90.11904761904762|91.19047619047619|93.45238095238095|93.57142857142857|93.92857142857143|93.33333333333333|92.38095238095238|
| Rand Reg One Step |70.0|86.54761904761905|89.88095238095238|91.66666666666667|93.21428571428571|92.38095238095238|93.21428571428571|93.0952380952381|93.0952380952381|93.45238095238095|
| Facility Location |70.0|79.16666666666667|81.66666666666667|84.76190476190476|85.23809523809524|87.5|87.61904761904762|88.92857142857143|87.85714285714286|88.57142857142857|
| FASS |70.0|86.54761904761905|90.23809523809524|91.78571428571429|92.38095238095238|92.5|91.78571428571429|92.14285714285714|91.42857142857143|91.54761904761905|
| Random |70.0|81.30952380952381|85.5952380952381|89.28571428571429|88.57142857142857|89.16666666666667|88.92857142857143|91.19047619047619|91.07142857142857|91.54761904761905|
| BADGE |71.30952380952381|88.69047619047619|91.78571428571429|92.5|93.45238095238095|94.52380952380952|94.4047619047619|94.28571428571429|94.4047619047619|94.76190476190476|
---------------------------------------------------------------------


Unlabeled data Accuracy
---------------------------------------------------------------------
|Algo                            |70|140|210|280|350|420|490|560|630|700|
| One Step Taylor |55.41353383458647|79.68253968253968|86.5546218487395|90.625|92.85714285714286|94.89795918367346|95.16483516483517|95.35714285714286|95.1948051948052|96.57142857142857|
| Fac Loc Reg One Step |55.41353383458647|78.80952380952381|86.89075630252101|91.42857142857143|93.23809523809524|95.10204081632654|96.26373626373626|96.78571428571429|97.27272727272727|96.85714285714286|
| Rand Reg One Step |55.41353383458647|80.7936507936508|87.6470588235294|92.23214285714286|94.0952380952381|95.61224489795919|96.48351648351648|97.61904761904762|98.31168831168831|98.0|
| Facility Location |55.41353383458647|65.95238095238095|67.98319327731092|71.96428571428571|75.52380952380952|78.87755102040816|80.87912087912088|81.66666666666667|86.62337662337663|87.71428571428571|
| FASS |55.41353383458647|79.12698412698413|85.54621848739495|88.30357142857143|89.71428571428571|92.14285714285714|92.85714285714286|93.45238095238095|93.50649350649351|93.71428571428571|
| Random |55.41353383458647|72.48215701823949|79.61409395973155|84.95102404274266|86.62239089184061|88.52791878172589|88.75545851528385|88.78394332939787|87.53213367609254|88.99858956276445|
| BADGE |55.41353383458647|83.25396825396825|90.25210084033614|92.32142857142857|94.95238095238095|96.63265306122449|98.46153846153847|99.04761904761905|99.48051948051948|99.71428571428571|
---------------------------------------------------------------------
