=======================================
letter_fraction:0.2_epochs:200_no of selection:10 2020-09-12 17:27:07.904368
letter :Budget =  0.2
Validation Accuracy
---------------------------------------------------------------------
|Algo                            |210|420|630|840|1050|1260|1470|1680|1890|2100|
| One Step Taylor |19.08888888888889|35.06666666666667|53.422222222222224|63.333333333333336|67.88888888888889|70.22222222222223|73.37777777777778|71.68888888888888|74.37777777777778|73.4888888888889|
| Fac Loc Reg One Step |19.08888888888889|37.08888888888889|52.6|65.04444444444445|67.55555555555556|71.28888888888889|70.97777777777777|74.5111111111111|74.86666666666666|74.57777777777778|
| Rand Reg One Step |19.08888888888889|39.24444444444445|59.4|65.82222222222222|70.13333333333334|69.6|72.66666666666667|73.53333333333333|74.26666666666667|74.6|
| Facility Location |19.08888888888889|46.75555555555555|62.733333333333334|67.28888888888889|70.26666666666667|71.35555555555555|72.64444444444445|73.2|73.71111111111111|74.44444444444444|
| FASS |19.08888888888889|39.24444444444445|59.46666666666667|65.62222222222222|69.22222222222223|71.71111111111111|73.95555555555555|75.4888888888889|76.33333333333333|78.13333333333334|
| Random |19.08888888888889|47.84444444444444|63.62222222222222|68.13333333333334|69.22222222222223|72.42222222222222|72.17777777777778|73.42222222222222|74.31111111111112|76.88888888888889|
| BADGE |19.044444444444444|2.577777777777778|50.53333333333333|59.977777777777774|65.62222222222222|68.57777777777778|70.88888888888889|73.4|74.93333333333334|76.31111111111112|
---------------------------------------------------------------------


Test Accuracy
---------------------------------------------------------------------
|Algo                            |210|420|630|840|1050|1260|1470|1680|1890|2100|
| One Step Taylor |17.6|34.54|53.94|63.74|66.78|70.56|73.28|73.3|75.08|74.04|
| Fac Loc Reg One Step |17.6|36.14|53.14|63.64|67.48|71.2|70.72|74.36|74.66|75.2|
| Rand Reg One Step |17.6|38.22|58.36|66.34|70.18|69.56|73.58|73.56|74.74|75.64|
| Facility Location |17.6|47.16|62.76|67.06|70.0|71.76|72.28|73.54|73.48|75.12|
| FASS |17.6|39.92|59.46|65.6|68.76|70.92|73.22|74.16|75.26|77.88|
| Random |17.6|48.88|62.4|67.96|69.96|71.3|71.94|73.88|75.44|76.8|
| BADGE |17.62|2.54|49.92|60.26|65.08|68.68|71.34|73.64|75.04|76.48|
---------------------------------------------------------------------


Unlabeled data Accuracy
---------------------------------------------------------------------
|Algo                            |210|420|630|840|1050|1260|1470|1680|1890|2100|
| One Step Taylor |18.756073858114675|34.02777777777778|53.657548125633234|62.68115942028985|67.02645502645503|70.56277056277057|73.2890365448505|73.54875283446712|76.4808362369338|76.14285714285714|
| Fac Loc Reg One Step |18.756073858114675|35.595238095238095|52.32016210739615|63.34368530020704|66.41269841269842|71.38528138528139|70.93023255813954|75.17006802721089|76.36469221835075|76.42857142857143|
| Rand Reg One Step |18.756073858114675|38.17460317460318|57.993920972644375|65.82815734989649|69.29100529100529|70.0108225108225|73.4108527131783|74.9546485260771|75.92334494773519|77.27380952380952|
| Facility Location |18.756073858114675|46.94444444444444|62.20871327254306|66.7184265010352|68.87830687830687|71.08225108225108|72.39202657807309|73.10657596371883|73.29849012775843|74.64285714285714|
| FASS |18.756073858114675|39.26587301587302|59.685916919959475|66.60455486542443|69.78835978835978|72.64069264069263|75.72535991140643|77.24489795918367|79.31475029036005|81.88095238095238|
| Random |18.756073858114675|48.82959730212259|61.79866315576261|67.40120008276433|69.06322689786424|70.6054054054054|72.15217872152179|73.78311070862577|75.73614653373522|77.00166310287479|
| BADGE |18.736637512147716|2.609126984126984|50.42553191489362|60.76604554865425|65.11111111111111|68.34415584415585|70.98560354374308|73.15192743764172|75.33101045296168|77.07142857142857|
---------------------------------------------------------------------
