=======================================
svmguide1_fraction:0.4_epochs:200_no of selection:10 2020-08-31 02:34:14.900865
svmguide1 :Budget =  0.4
Validation Accuracy
---------------------------------------------------------------------
|Algo                            |112|224|336|448|560|672|784|896|1008|1120|
| Taylor Online |91.58576051779936|90.29126213592232|92.55663430420712|94.1747572815534|95.14563106796116|95.79288025889967|95.79288025889967|95.46925566343042|95.46925566343042|95.46925566343042|
| Full OneStep |91.58576051779936|93.52750809061489|94.8220064724919|95.14563106796116|95.46925566343042|95.46925566343042|95.14563106796116|95.14563106796116|95.14563106796116|95.14563106796116|
| Facloc Regularized |91.58576051779936|91.2621359223301|93.20388349514563|93.85113268608414|95.14563106796116|95.14563106796116|95.46925566343042|95.46925566343042|95.46925566343042|95.46925566343042|
| Random Greedy |91.58576051779936|90.61488673139158|92.55663430420712|94.1747572815534|94.1747572815534|95.14563106796116|95.79288025889967|95.79288025889967|95.79288025889967|95.79288025889967|
| Facility Location |90.93851132686085|92.23300970873787|92.55663430420712|92.23300970873787|92.23300970873787|92.55663430420712|92.88025889967638|93.20388349514563|93.85113268608414|93.85113268608414|
| FASS |91.58576051779936|96.11650485436893|95.79288025889967|95.79288025889967|95.79288025889967|95.46925566343042|95.46925566343042|95.46925566343042|95.46925566343042|95.79288025889967|
| Random |91.58576051779936|92.55663430420712|92.88025889967638|92.55663430420712|94.49838187702265|94.8220064724919|95.14563106796116|95.14563106796116|95.14563106796116|95.14563106796116|
| Random Perturbation |91.58576051779936|91.90938511326861|92.55663430420712|92.55663430420712|92.55663430420712|92.88025889967638|94.1747572815534|94.49838187702265|94.8220064724919|94.8220064724919|
| BADGE |91.90938511326861|92.88025889967638|93.85113268608414|94.8220064724919|95.14563106796116|95.46925566343042|95.46925566343042|95.79288025889967|96.11650485436893|95.79288025889967|
---------------------------------------------------------------------


Test Accuracy
---------------------------------------------------------------------
|Algo                            |112|224|336|448|560|672|784|896|1008|1120|
| Taylor Online |92.2|92.925|94.25|94.775|94.95|95.375|95.5|95.475|95.4|95.375|
| Full OneStep |92.2|94.225|95.175|95.275|95.325|95.3|95.55|95.475|95.5|95.55|
| Facloc Regularized |92.2|93.325|94.3|94.5|95.05|95.4|95.45|95.425|95.425|95.55|
| Random Greedy |92.2|93.0|94.375|94.825|94.95|95.125|95.475|95.475|95.375|95.4|
| Facility Location |90.93851132686085|92.23300970873787|92.55663430420712|92.23300970873787|92.23300970873787|92.55663430420712|92.88025889967638|93.20388349514563|93.85113268608414|93.85113268608414|
| FASS |92.2|94.025|94.7|94.875|95.1|95.325|95.3|95.325|95.3|95.25|
| Random |92.2|93.875|94.575|94.975|95.1|95.15|95.2|95.3|95.35|95.35|
| Random Perturbation |92.2|93.575|94.275|94.375|94.5|94.95|95.1|95.2|95.225|95.175|
| BADGE |94.575|94.675|94.75|95.225|95.3|95.3|95.475|95.575|95.55|95.6|
---------------------------------------------------------------------


Unlabeled data Accuracy
---------------------------------------------------------------------
|Algo                            |112|224|336|448|560|672|784|896|1008|1120|
| Taylor Online |91.56671664167916|91.54929577464789|94.23076923076923|95.75471698113208|96.26126126126127|97.43833017077799|97.59519038076152|97.61146496815287|97.46049661399549|97.34939759036145|
| Full OneStep |91.56671664167916|94.13145539906104|94.72176759410802|94.81132075471699|95.09009009009009|95.20872865275142|95.54108216432866|95.38216560509554|95.20316027088036|95.18072289156626|
| Facloc Regularized |91.56671664167916|92.13615023474179|94.189852700491|95.06861063464837|97.02702702702703|98.00759013282732|98.14629258517034|98.2484076433121|98.30699774266365|98.43373493975903|
| Random Greedy |91.56671664167916|91.59170903402425|94.11283728536385|95.46038543897217|96.0431654676259|96.82915286322763|97.65234765234766|97.67318878900053|97.58426966292134|97.4835230677052|
| Facility Location |90.55472263868066|92.13615023474179|92.75777414075286|92.62435677530017|93.33333333333333|93.50094876660341|93.33667334669339|93.47133757961784|93.39729119638827|93.3132530120482|
| FASS |91.56671664167916|94.75743348982786|95.04909983633388|95.58319039451115|95.94594594594595|96.34724857685009|96.69338677354709|96.81528662420382|97.06546275395034|97.2289156626506|
| Random |91.56671664167916|93.11424100156495|94.189852700491|94.2967409948542|95.0|95.39848197343454|95.39078156312625|95.48832271762208|95.54176072234763|95.60240963855422|
| Random Perturbation |91.56671664167916|92.48826291079813|93.0441898527005|93.18181818181819|93.37837837837837|93.97533206831119|94.53907815631263|94.69214437367303|94.75169300225734|94.6987951807229|
| BADGE |93.85758998435055|94.80360065466448|95.66895368782161|96.48648648648648|97.2011385199241|97.94589178356713|98.7791932059448|99.26636568848758|99.57831325301204|99.67700258397933|
---------------------------------------------------------------------
