=======================================
usps_fraction:0.3_epochs:200_no of selection:10 2020-09-09 12:58:43.044291
usps :Budget =  0.3
Validation Accuracy
---------------------------------------------------------------------
|Algo                            |134|268|402|536|670|804|938|1072|1206|1340|
| One Step Taylor |80.18867924528301|82.45283018867924|85.66037735849056|90.75471698113208|90.37735849056604|90.18867924528301|92.45283018867924|91.32075471698113|92.64150943396227|89.62264150943396|
| Fac Loc Reg One Step |80.18867924528301|82.64150943396227|86.41509433962264|90.0|91.50943396226415|87.73584905660377|88.30188679245283|88.49056603773585|89.62264150943396|88.49056603773585|
| Rand Reg One Step |80.18867924528301|78.30188679245283|90.94339622641509|91.69811320754717|90.37735849056604|86.79245283018868|90.56603773584905|91.88679245283019|92.26415094339623|91.88679245283019|
| Facility Location |80.18867924528301|81.50943396226415|80.94339622641509|83.01886792452831|84.15094339622641|83.39622641509433|84.15094339622641|86.0377358490566|85.66037735849056|83.9622641509434|
| FASS |80.18867924528301|91.13207547169812|95.84905660377359|94.71698113207547|92.45283018867924|92.0754716981132|91.88679245283019|88.67924528301887|88.30188679245283|87.73584905660377|
| Random |80.18867924528301|89.05660377358491|87.54716981132076|92.0754716981132|93.58490566037736|89.81132075471699|84.33962264150944|80.75471698113208|83.58490566037736|84.71698113207547|
| BADGE |63.20754716981132|76.98113207547169|90.37735849056604|91.69811320754717|91.32075471698113|93.01886792452831|92.83018867924528|92.64150943396227|92.64150943396227|93.01886792452831|
---------------------------------------------------------------------


Test Accuracy
---------------------------------------------------------------------
|Algo                            |134|268|402|536|670|804|938|1072|1206|1340|
| One Step Taylor |78.36734693877551|74.89795918367346|79.18367346938776|84.89795918367346|84.89795918367346|84.01360544217687|86.4625850340136|84.5578231292517|86.53061224489795|83.5374149659864|
| Fac Loc Reg One Step |78.36734693877551|78.16326530612245|81.29251700680273|84.421768707483|84.14965986394557|83.40136054421768|82.38095238095238|85.23809523809524|85.23809523809524|84.28571428571429|
| Rand Reg One Step |78.36734693877551|74.62585034013605|84.21768707482993|85.17006802721089|84.5578231292517|82.58503401360544|84.421768707483|86.25850340136054|86.05442176870748|86.3265306122449|
| Facility Location |80.18867924528301|81.50943396226415|80.94339622641509|83.01886792452831|84.15094339622641|83.39622641509433|84.15094339622641|86.0377358490566|85.66037735849056|83.9622641509434|
| FASS |78.36734693877551|84.96598639455782|87.14285714285714|87.82312925170068|85.91836734693878|87.41496598639456|86.73469387755102|83.94557823129252|83.94557823129252|81.9047619047619|
| Random |78.36734693877551|84.76190476190476|84.28571428571429|86.87074829931973|88.9795918367347|86.19047619047619|81.42857142857143|79.18367346938776|79.79591836734694|79.65986394557824|
| BADGE |59.31972789115646|71.97278911564626|83.94557823129252|87.21088435374149|87.48299319727892|88.0952380952381|88.84353741496598|88.36734693877551|88.36734693877551|88.57142857142857|
---------------------------------------------------------------------


Unlabeled data Accuracy
---------------------------------------------------------------------
|Algo                            |134|268|402|536|670|804|938|1072|1206|1340|
| One Step Taylor |90.75747046560112|88.45326320822376|92.17090639664114|94.76372924648787|95.84765934937847|96.65478475459281|97.03956732137775|97.95797573246523|98.36671802773498|98.77852780456445|
| Fac Loc Reg One Step |90.75747046560112|88.71623236911307|91.33119288713263|94.94252873563218|94.49880983866701|96.4354263778448|95.5593509820666|98.01716484166913|98.61325115562404|98.87495981999358|
| Rand Reg One Step |90.75747046560112|91.56309751434034|93.08812638854604|95.25267993874425|94.45178335535006|96.3855421686747|96.78886047172492|98.10986414648553|98.55517983399939|97.98076923076923|
| Facility Location |90.75747046560112|91.75233086301698|92.17090639664114|91.67305236270754|92.2242792911928|91.44502330682752|92.399658411614|92.57176679490973|91.83359013867488|90.26036644165863|
| FASS |90.75747046560112|92.15873774802773|93.65275376636207|94.68710089399744|94.9219783126157|95.47573347957226|96.35639054938798|97.18851731281444|97.41140215716487|97.84635165541627|
| Random |90.75747046560112|90.35108669691904|90.21444417056938|91.77489177489177|93.15248880695286|94.51868011998909|94.68476109697484|94.68740827707661|94.96490692706745|95.45598983158564|
| BADGE |85.33561351004703|93.22183098591549|96.25850340136054|97.61459307764265|98.30999517141477|98.95209580838323|99.35467217346412|99.59893048128342|99.7504159733777|99.74078341013825|
---------------------------------------------------------------------
