=======================================
sklearn-digits_fraction:0.1_epochs:200_no of selection:10 2020-09-12 19:51:55.680028
sklearn-digits :Budget =  0.1
Validation Accuracy
---------------------------------------------------------------------
|Algo                            |15|30|45|60|75|90|105|120|135|150|
| One Step Taylor |67.90123456790124|70.37037037037037|81.48148148148148|83.95061728395062|88.88888888888889|88.27160493827161|90.74074074074075|90.74074074074075|88.27160493827161|90.12345679012346|
| Fac Loc Reg One Step |67.90123456790124|71.60493827160494|79.62962962962963|81.48148148148148|83.95061728395062|85.18518518518519|83.33333333333333|82.09876543209876|87.65432098765432|90.12345679012346|
| Rand Reg One Step |67.90123456790124|72.22222222222223|82.09876543209876|83.95061728395062|83.33333333333333|87.65432098765432|88.27160493827161|88.88888888888889|89.50617283950618|88.88888888888889|
| Facility Location |67.90123456790124|77.1604938271605|79.62962962962963|82.09876543209876|82.71604938271605|81.48148148148148|82.09876543209876|80.8641975308642|85.80246913580247|86.41975308641975|
| FASS |67.90123456790124|74.07407407407408|80.24691358024691|82.09876543209876|82.09876543209876|88.88888888888889|90.12345679012346|90.74074074074075|90.74074074074075|92.5925925925926|
| Random |67.90123456790124|73.45679012345678|79.62962962962963|83.33333333333333|83.33333333333333|83.95061728395062|82.71604938271605|81.48148148148148|85.18518518518519|84.5679012345679|
| BADGE |67.90123456790124|70.37037037037037|82.71604938271605|86.41975308641975|87.03703703703704|87.03703703703704|89.50617283950618|90.12345679012346|90.74074074074075|90.12345679012346|
---------------------------------------------------------------------


Test Accuracy
---------------------------------------------------------------------
|Algo                            |15|30|45|60|75|90|105|120|135|150|
| One Step Taylor |70.0|77.22222222222223|90.55555555555556|90.0|87.22222222222223|88.33333333333333|90.55555555555556|91.11111111111111|91.66666666666667|91.11111111111111|
| Fac Loc Reg One Step |70.0|75.55555555555556|80.55555555555556|87.22222222222223|87.77777777777777|91.66666666666667|88.33333333333333|88.88888888888889|91.11111111111111|91.66666666666667|
| Rand Reg One Step |70.0|78.88888888888889|87.22222222222223|91.66666666666667|91.66666666666667|87.77777777777777|92.22222222222223|87.77777777777777|91.66666666666667|92.77777777777777|
| Facility Location |70.0|85.55555555555556|85.55555555555556|88.33333333333333|90.0|89.44444444444444|89.44444444444444|90.0|91.11111111111111|90.55555555555556|
| FASS |70.0|81.11111111111111|84.44444444444444|87.22222222222223|89.44444444444444|91.11111111111111|92.77777777777777|93.88888888888889|94.44444444444444|94.44444444444444|
| Random |70.0|76.66666666666667|86.66666666666667|88.33333333333333|86.11111111111111|88.33333333333333|87.77777777777777|89.44444444444444|90.0|91.11111111111111|
| BADGE |69.44444444444444|72.22222222222223|84.44444444444444|89.44444444444444|88.88888888888889|92.22222222222223|95.55555555555556|95.0|92.22222222222223|93.33333333333333|
---------------------------------------------------------------------


Unlabeled data Accuracy
---------------------------------------------------------------------
|Algo                            |15|30|45|60|75|90|105|120|135|150|
| One Step Taylor |72.15277777777777|72.70175438596492|89.14893617021276|86.0931899641577|88.26086956521739|90.47619047619048|91.62962962962963|92.13483146067416|91.5909090909091|92.56704980842912|
| Fac Loc Reg One Step |72.15277777777777|72.35087719298245|85.1063829787234|88.02867383512545|86.66666666666667|88.79120879120879|87.92592592592592|88.31460674157303|89.92424242424242|91.64750957854406|
| Rand Reg One Step |72.15277777777777|76.92847124824685|86.26062322946176|88.48354792560801|90.02890173410404|88.24817518248175|89.52802359882006|88.301043219076|90.1355421686747|93.6834094368341|
| Facility Location |72.15277777777777|85.54385964912281|84.9645390070922|87.31182795698925|87.82608695652173|87.17948717948718|88.14814814814815|88.68913857677903|89.46969696969697|89.34865900383141|
| FASS |72.15277777777777|80.49122807017544|87.23404255319149|88.31541218637993|91.44927536231884|93.47985347985347|94.5925925925926|96.02996254681648|96.74242424242425|96.70498084291188|
| Random |72.15277777777777|80.4895104895105|85.21126760563381|86.45390070921985|87.42857142857143|86.69064748201438|86.59420289855072|87.44525547445255|87.20588235294117|87.70370370370371|
| BADGE |72.08333333333333|74.52631578947368|82.62411347517731|87.31182795698925|91.73913043478261|91.57509157509158|92.66666666666667|94.30711610486891|94.92424242424242|94.78927203065135|
---------------------------------------------------------------------
