=======================================
letter_fraction:0.1_epochs:200_no of selection:10 2020-09-12 19:50:03.652029
letter :Budget =  0.1
Validation Accuracy
---------------------------------------------------------------------
|Algo                            |80|160|240|320|400|480|560|640|720|800|
| One Step Taylor |16.00413009808983|18.843572534847702|23.773877129581827|26.071244192049562|29.09137842023748|33.0665978316985|37.06763035622096|42.74651522973671|40.11357769747031|46.747547754259166|
| Fac Loc Reg One Step |16.00413009808983|17.83686112545173|24.651522973670623|24.161073825503355|27.64584408879711|28.54930304594734|36.83531233866805|40.526587506453275|41.1977284460506|40.655653071760455|
| Rand Reg One Step |16.00413009808983|19.669592152813628|23.799690242643262|28.65255549819308|28.884873515745998|33.24728962312855|39.9586990191017|37.42901393908105|43.41765616933402|41.45585957666495|
| Facility Location |16.00413009808983|29.556014455343316|36.499741868869386|40.08776458440888|43.288590604026844|45.19876097057305|47.2896231285493|48.06401652039236|47.599380485286524|48.55446566855963|
| FASS |16.00413009808983|16.133195663397007|23.231801755291688|35.13164687661332|35.72534847702633|40.01032524522457|43.1853381517811|46.23128549303046|43.675787299948375|48.34796076406815|
| Random |16.00413009808983|28.084667010841507|44.32111512648425|51.98760970573051|55.4981930820857|58.905524006195144|57.563242127000514|59.67991739803821|60.84150748580279|62.77749096541043|
| BADGE |2.6071244192049563|24.212700051626225|37.687145069695404|42.127000516262264|2.6071244192049563|48.29633453794528|44.75993804852865|44.966442953020135|43.546721734641196|40.29426948890036|
---------------------------------------------------------------------


Test Accuracy
---------------------------------------------------------------------
|Algo                            |80|160|240|320|400|480|560|640|720|800|
| One Step Taylor |15.131275909719024|18.240442192538|21.879318286503914|24.965453707968678|27.429755872869645|32.035928143712574|35.859051128512206|42.16950713956702|38.94518654997697|45.808383233532936|
| Fac Loc Reg One Step |15.131275909719024|17.64163979732842|24.044219253800094|23.744818056195303|27.337632427452785|29.203132197144175|36.27360663288807|40.073698756333485|40.55734684477199|39.45186549976969|
| Rand Reg One Step |15.131275909719024|19.253800092123445|22.24781206817135|27.06126209120221|27.982496545370797|32.035928143712574|39.313680331644406|37.19484108705666|43.80469829571626|41.5016121602948|
| Facility Location |15.131275909719024|28.69645324735145|35.92814371257485|39.52095808383233|43.41317365269461|45.347766006448644|46.982957162597884|47.25932749884846|46.49930907415937|47.74297558728696|
| FASS |15.131275909719024|15.707047443574389|22.662367572547215|34.70750806080147|35.582680792261634|40.948871487793646|42.399815753109166|45.73929064947029|44.127130354675266|48.98664210041456|
| Random |15.131275909719024|28.028558268079227|43.390142791340395|51.08245048364809|55.780746199907874|58.91294334408107|57.415937356057114|58.91294334408107|60.778443113772454|62.39060340856748|
| BADGE |2.556425610317826|24.896361123906033|39.79732842008291|43.68954398894519|2.556425610317826|49.239981575310914|44.44956241363427|46.15384615384615|44.19622293873791|41.24827268539843|
---------------------------------------------------------------------


Unlabeled data Accuracy
---------------------------------------------------------------------
|Algo                            |80|160|240|320|400|480|560|640|720|800|
| One Step Taylor |19.867802211770687|23.667651213561065|29.59647074088491|30.02491149862331|33.788260235855304|39.89554037766171|42.69662921348315|49.24045435883399|48.913795489137954|55.98153071218693|
| Fac Loc Reg One Step |19.867802211770687|22.576088352382175|30.439859867652782|30.169135964337222|30.859944348747845|34.752912816392126|45.8102071206173|42.2745312713836|48.98298048982981|47.124667692738214|
| Rand Reg One Step |19.867802211770687|25.003210479003467|30.206305955624757|36.48878982561951|36.41181926593348|41.207981786527384|48.76133748477054|43.766251539619546|53.92278953922789|54.38645585560375|
| Facility Location |19.867802211770687|38.615641453704896|47.58012196704295|50.96368165727022|56.10176228965152|59.0598633989554|61.161499932313525|61.228958532913644|60.301646603016465|60.82272282076396|
| FASS |19.867802211770687|20.624117118274047|25.9763851044505|40.94663694768585|42.89121505233868|44.864068568367486|48.35521862731826|53.01765430409197|53.438494534384944|59.11571288652581|
| Random |19.867802211770687|30.56875080241366|42.38101413565037|50.30787370627538|56.42620780939775|59.515848602380636|57.16988782267874|60.98893593771343|60.81734088085047|61.66085136078158|
| BADGE |2.916987920842971|34.185925733575694|52.04670690107584|56.89472288517634|2.9080675422138835|60.322405852072606|55.13557929334429|53.198559955690946|50.32203864463736|47.83347493627868|
---------------------------------------------------------------------
