=======================================
red_large_linsep_4_fraction:0.4_epochs:200_no of selection:10 2020-08-31 02:25:18.745911
red_large_linsep_4 :Budget =  0.4
Validation Accuracy
---------------------------------------------------------------------
|Algo                            |140|280|420|560|700|840|980|1120|1260|1400|
| Taylor Online |86.8|91.2|92.0|92.2|92.8|93.0|93.2|93.2|93.2|93.0|
| Full OneStep |86.8|91.4|91.8|92.4|93.2|93.2|93.2|93.4|93.6|93.6|
| Facloc Regularized |86.8|91.6|92.0|92.4|93.2|93.2|93.2|93.2|93.2|92.8|
| Random Greedy |86.8|91.2|92.8|92.0|92.6|93.4|93.0|93.2|93.4|93.2|
| Facility Location |87.0|92.8|92.8|92.8|92.6|92.4|92.8|92.8|92.8|92.8|
| FASS |86.8|85.8|85.4|85.6|85.8|89.6|91.8|92.4|92.8|93.0|
| Random |86.8|89.2|90.2|91.0|91.2|91.8|91.6|92.0|92.4|92.2|
| Random Perturbation |86.8|88.2|90.4|90.2|90.4|90.6|91.2|91.6|92.2|92.0|
| BADGE |91.4|91.8|92.0|92.2|92.6|92.4|92.8|92.6|92.6|92.6|
---------------------------------------------------------------------


Test Accuracy
---------------------------------------------------------------------
|Algo                            |140|280|420|560|700|840|980|1120|1260|1400|
| Taylor Online |84.0|90.2|91.3|91.3|91.2|91.1|91.2|91.1|91.1|91.3|
| Full OneStep |84.0|90.2|90.5|91.2|91.0|91.3|91.0|90.8|91.1|91.0|
| Facloc Regularized |84.0|90.6|91.0|90.9|90.9|91.1|91.2|91.1|91.3|91.0|
| Random Greedy |84.0|88.8|91.5|91.3|91.0|91.1|91.4|91.3|91.1|91.1|
| Facility Location |87.0|92.8|92.8|92.8|92.6|92.4|92.8|92.8|92.8|92.8|
| FASS |84.0|86.9|86.2|86.1|86.0|89.0|90.2|91.0|91.3|91.3|
| Random |84.0|86.0|87.3|89.2|90.1|90.2|90.4|90.5|90.8|90.9|
| Random Perturbation |84.0|86.2|87.3|87.4|88.4|89.3|89.9|90.1|90.5|90.8|
| BADGE |90.7|91.1|91.7|91.3|91.6|91.4|91.6|91.4|91.2|91.3|
---------------------------------------------------------------------


Unlabeled data Accuracy
---------------------------------------------------------------------
|Algo                            |140|280|420|560|700|840|980|1120|1260|1400|
| Taylor Online |84.55357142857143|90.09316770186335|91.2987012987013|91.63265306122449|92.57142857142857|93.60902255639098|94.2063492063492|95.50420168067227|96.07142857142857|96.57142857142857|
| Full OneStep |84.55357142857143|90.15527950310559|90.58441558441558|90.54421768707483|90.28571428571429|90.18796992481202|90.11904761904762|90.0|89.77678571428571|89.9047619047619|
| Facloc Regularized |84.55357142857143|90.65217391304348|91.03896103896103|91.83673469387755|92.78571428571429|93.42105263157895|93.84920634920636|94.70588235294117|95.3125|95.85714285714286|
| Random Greedy |84.55357142857143|88.9751552795031|91.42857142857143|91.63265306122449|92.42857142857143|93.19548872180451|93.65079365079364|94.03361344537815|94.91071428571429|95.85714285714286|
| Facility Location |86.07142857142857|90.80745341614907|91.65584415584415|91.87074829931973|91.89285714285714|92.21804511278195|92.02380952380952|92.10084033613445|91.83035714285714|91.80952380952381|
| FASS |84.55357142857143|85.93167701863354|85.29220779220779|85.1360544217687|85.60714285714286|90.33834586466165|92.3015873015873|93.69747899159664|94.59821428571429|95.28571428571429|
| Random |84.55357142857143|86.3975155279503|87.6948051948052|90.0|90.39285714285714|90.52631578947368|90.87301587301587|91.00840336134453|91.02678571428571|91.33333333333333|
| Random Perturbation |84.55357142857143|86.5527950310559|87.43506493506493|87.95918367346938|89.17857142857143|89.3984962406015|89.84126984126983|90.3781512605042|90.75892857142857|90.80952380952381|
| BADGE |91.08695652173913|91.46103896103897|92.17687074829932|92.17857142857143|92.55639097744361|92.61904761904762|93.10924369747899|93.48214285714286|93.76190476190476|94.48979591836735|
---------------------------------------------------------------------
