=======================================
letter_fraction:0.5_epochs:200_no of selection:10 2020-09-12 20:15:21.404149
letter :Budget =  0.5
Validation Accuracy
---------------------------------------------------------------------
|Algo                            |525|1050|1575|2100|2625|3150|3675|4200|4725|5250|
| One Step Taylor |14.555555555555555|37.955555555555556|57.977777777777774|67.55555555555556|72.0|74.97777777777777|78.0|79.31111111111112|80.37777777777778|81.15555555555555|
| Fac Loc Reg One Step |14.555555555555555|37.666666666666664|58.22222222222222|68.35555555555555|71.31111111111112|76.62222222222222|77.95555555555555|79.13333333333334|80.57777777777778|80.68888888888888|
| Rand Reg One Step |14.555555555555555|39.55555555555556|60.24444444444445|67.88888888888889|73.31111111111112|76.93333333333334|79.06666666666666|79.33333333333333|79.75555555555556|81.33333333333333|
| Facility Location |14.555555555555555|50.93333333333333|65.82222222222222|69.71111111111111|73.68888888888888|75.86666666666666|76.84444444444445|77.42222222222222|78.64444444444445|79.4888888888889|
| FASS |14.555555555555555|49.68888888888889|65.53333333333333|70.37777777777778|73.84444444444445|77.4|78.57777777777778|80.0|80.84444444444445|81.53333333333333|
| Random |14.555555555555555|53.333333333333336|66.08888888888889|70.84444444444445|73.2|75.5111111111111|77.35555555555555|78.06666666666666|79.0|78.37777777777778|
| BADGE |2.577777777777778|2.577777777777778|2.577777777777778|2.577777777777778|65.4888888888889|69.82222222222222|72.4|74.31111111111112|75.8|77.37777777777778|
---------------------------------------------------------------------


Test Accuracy
---------------------------------------------------------------------
|Algo                            |525|1050|1575|2100|2625|3150|3675|4200|4725|5250|
| One Step Taylor |13.98|36.66|58.58|67.82|71.96|76.04|77.64|79.42|79.6|81.08|
| Fac Loc Reg One Step |13.98|36.76|58.24|68.0|72.18|75.92|78.78|78.12|80.86|80.84|
| Rand Reg One Step |13.98|38.58|60.04|68.14|73.14|76.12|78.6|78.7|80.32|81.12|
| Facility Location |13.98|50.24|65.78|69.62|72.94|75.62|76.76|77.72|78.54|79.42|
| FASS |13.98|50.02|65.4|69.74|72.8|76.36|78.04|79.62|80.48|80.74|
| Random |13.98|52.08|65.84|70.28|73.58|75.22|76.82|78.14|78.34|78.44|
| BADGE |2.54|2.54|2.54|2.54|65.04|69.62|72.36|74.2|76.02|77.42|
---------------------------------------------------------------------


Unlabeled data Accuracy
---------------------------------------------------------------------
|Algo                            |525|1050|1575|2100|2625|3150|3675|4200|4725|5250|
| One Step Taylor |14.155388471177945|34.507936507936506|55.13725490196079|63.416666666666664|70.7936507936508|75.95918367346938|80.16117216117216|83.96825396825396|86.37229437229438|88.55238095238096|
| Fac Loc Reg One Step |14.155388471177945|34.2962962962963|55.27170868347339|64.61904761904762|69.09206349206349|75.40136054421768|79.48717948717949|82.73015873015873|85.6969696969697|88.51428571428572|
| Rand Reg One Step |14.155388471177945|36.80033858850915|57.66774952391621|65.26240628347018|72.35689808351313|76.73691366417403|81.20333772507685|83.7006500713493|85.85509251253674|88.66704696710401|
| Facility Location |14.155388471177945|50.52910052910053|66.25210084033614|69.42857142857143|72.83809523809524|75.65986394557824|77.24542124542124|78.26984126984127|79.77489177489177|80.41904761904762|
| FASS |14.155388471177945|49.01587301587302|65.16526610644257|71.4047619047619|75.47936507936508|80.53061224489795|84.13186813186813|86.61904761904762|89.22943722943722|90.74285714285715|
| Random |14.155388471177945|53.12533051295611|65.73027420257415|70.3149138443256|72.55224825839139|74.96949152542373|76.86360320933625|78.40568271507497|78.36629406706793|78.90462700661001|
| BADGE |2.606516290726817|2.582010582010582|2.5434173669467786|2.511904761904762|65.5111111111111|70.61224489795919|73.77289377289377|76.42857142857143|79.16883116883118|81.56190476190476|
---------------------------------------------------------------------
