=======================================
usps_fraction:0.2_epochs:200_no of selection:10 2020-09-12 17:20:52.636176
usps :Budget =  0.2
Validation Accuracy
---------------------------------------------------------------------
|Algo                            |95|190|285|380|475|570|665|760|855|950|
| One Step Taylor |60.943396226415096|63.58490566037736|64.71698113207547|70.75471698113208|73.58490566037736|73.39622641509433|72.45283018867924|73.77358490566037|75.09433962264151|87.54716981132076|
| Fac Loc Reg One Step |60.943396226415096|62.264150943396224|62.64150943396226|70.0|72.83018867924528|72.64150943396227|74.52830188679245|75.84905660377359|77.35849056603773|78.86792452830188|
| Rand Reg One Step |60.943396226415096|63.20754716981132|66.41509433962264|72.83018867924528|73.20754716981132|73.77358490566037|72.26415094339623|75.28301886792453|79.05660377358491|80.0|
| Facility Location |60.943396226415096|62.075471698113205|62.64150943396226|62.64150943396226|63.77358490566038|66.0377358490566|66.98113207547169|68.30188679245283|63.58490566037736|64.52830188679245|
| FASS |60.943396226415096|91.13207547169812|92.26415094339623|93.77358490566037|92.64150943396227|93.77358490566037|93.39622641509433|92.83018867924528|92.83018867924528|92.45283018867924|
| Random |60.943396226415096|88.30188679245283|87.9245283018868|89.81132075471699|89.05660377358491|90.18867924528301|91.50943396226415|86.0377358490566|87.9245283018868|91.32075471698113|
| BADGE |66.79245283018868|83.77358490566037|88.49056603773585|89.43396226415095|90.0|90.37735849056604|91.88679245283019|92.45283018867924|91.50943396226415|91.50943396226415|
---------------------------------------------------------------------


Test Accuracy
---------------------------------------------------------------------
|Algo                            |95|190|285|380|475|570|665|760|855|950|
| One Step Taylor |59.04761904761905|60.74829931972789|61.42857142857143|67.07482993197279|67.75510204081633|69.65986394557824|66.53061224489795|69.8639455782313|71.15646258503402|82.24489795918367|
| Fac Loc Reg One Step |59.04761904761905|59.38775510204081|59.863945578231295|65.51020408163265|68.43537414965986|69.18367346938776|70.1360544217687|70.0|72.24489795918367|74.35374149659864|
| Rand Reg One Step |59.04761904761905|59.93197278911565|62.44897959183673|68.16326530612245|69.59183673469387|70.0|69.59183673469387|70.40816326530613|74.01360544217687|75.51020408163265|
| Facility Location |59.04761904761905|59.72789115646258|60.27210884353742|60.204081632653065|61.36054421768708|63.87755102040816|63.87755102040816|65.64625850340136|60.8843537414966|61.564625850340136|
| FASS |59.04761904761905|83.74149659863946|84.421768707483|84.89795918367346|85.51020408163265|86.53061224489795|85.64625850340136|87.21088435374149|86.87074829931973|86.4625850340136|
| Random |59.04761904761905|82.44897959183673|83.87755102040816|84.421768707483|85.03401360544218|86.59863945578232|86.66666666666667|80.47619047619048|81.70068027210884|84.48979591836735|
| BADGE |64.01360544217687|77.27891156462584|82.72108843537416|85.17006802721089|86.4625850340136|87.21088435374149|87.00680272108843|87.95918367346938|87.68707482993197|87.68707482993197|
---------------------------------------------------------------------


Unlabeled data Accuracy
---------------------------------------------------------------------
|Algo                            |95|190|285|380|475|570|665|760|855|950|
| One Step Taylor |86.77775373295823|88.57711003093239|89.61859625366735|90.24446494464945|90.2853100683801|91.196333815726|92.66847691927919|93.68048533872599|95.02719502719502|96.33563462559745|
| Fac Loc Reg One Step |86.77775373295823|88.17940786566504|88.03881742270367|90.65959409594096|90.26173072388588|90.4968644476604|92.05134534682794|93.22548028311425|94.48329448329449|95.6186935740839|
| Rand Reg One Step |86.77775373295823|87.89485310360062|89.89397699075118|89.32933855727126|91.09540636042402|92.7487352445194|94.18289376386493|92.88417865253595|93.84853967433445|95.70860927152317|
| Facility Location |86.77775373295823|88.20150243040212|87.90340780862108|87.68450184501845|88.18674840839425|88.39845634346358|87.87953591705751|88.09403437815976|87.98238798238798|88.34306956983536|
| FASS |86.77775373295823|91.97967300044189|93.34236064093884|93.68081180811808|95.02475831171894|95.46550892426436|95.92693162182177|96.33468149646107|96.58119658119658|97.4243228890069|
| Random |86.77775373295823|91.06157581107924|89.97973429407791|90.02528154447253|89.11053743252758|90.64972428674179|91.86473903455035|92.6083688298672|93.59138682389131|93.57124114405667|
| BADGE |89.16684333262667|93.53093898745132|95.89131875414182|97.0216606498195|97.64814387825686|98.06694955209807|98.33614661200868|98.79072063178677|99.21657821582006|99.27498705334024|
---------------------------------------------------------------------
