=======================================
usps_fraction:0.4_epochs:200_no of selection:10 2020-09-09 14:18:13.645090
usps :Budget =  0.4
Validation Accuracy
---------------------------------------------------------------------
|Algo                            |185|370|555|740|925|1110|1295|1480|1665|1850|
| One Step Taylor |87.9245283018868|94.33962264150944|78.49056603773585|91.32075471698113|92.26415094339623|87.16981132075472|92.64150943396227|91.32075471698113|92.0754716981132|93.20754716981132|
| Fac Loc Reg One Step |87.9245283018868|93.01886792452831|83.9622641509434|88.86792452830188|90.56603773584905|93.39622641509433|95.09433962264151|94.90566037735849|87.16981132075472|93.20754716981132|
| Rand Reg One Step |87.9245283018868|94.33962264150944|89.24528301886792|89.81132075471699|93.01886792452831|92.26415094339623|90.56603773584905|85.47169811320755|91.13207547169812|92.26415094339623|
| Facility Location |87.9245283018868|88.67924528301887|90.75471698113208|84.15094339622641|89.43396226415095|91.50943396226415|90.56603773584905|89.62264150943396|83.77358490566037|93.20754716981132|
| FASS |87.9245283018868|95.28301886792453|96.60377358490567|94.71698113207547|95.47169811320755|95.09433962264151|94.33962264150944|93.39622641509433|93.39622641509433|91.13207547169812|
| Random |87.9245283018868|93.77358490566037|94.33962264150944|93.58490566037736|91.69811320754717|88.49056603773585|75.28301886792453|80.0|76.0377358490566|73.01886792452831|
| BADGE |65.47169811320755|83.9622641509434|89.62264150943396|91.88679245283019|91.69811320754717|93.01886792452831|93.01886792452831|92.64150943396227|92.0754716981132|92.64150943396227|
---------------------------------------------------------------------


Test Accuracy
---------------------------------------------------------------------
|Algo                            |185|370|555|740|925|1110|1295|1480|1665|1850|
| One Step Taylor |80.27210884353741|85.98639455782313|73.87755102040816|84.5578231292517|86.05442176870748|81.7687074829932|85.578231292517|84.96598639455782|88.50340136054422|88.70748299319727|
| Fac Loc Reg One Step |80.27210884353741|86.12244897959184|79.59183673469387|82.85714285714286|85.03401360544218|88.0952380952381|87.89115646258503|87.68707482993197|82.92517006802721|86.73469387755102|
| Rand Reg One Step |80.27210884353741|86.05442176870748|84.421768707483|83.46938775510205|86.3265306122449|87.61904761904762|84.35374149659864|81.49659863945578|85.23809523809524|85.91836734693878|
| Facility Location |87.9245283018868|88.67924528301887|90.75471698113208|84.15094339622641|89.43396226415095|91.50943396226415|90.56603773584905|89.62264150943396|83.77358490566037|93.20754716981132|
| FASS |80.27210884353741|88.43537414965986|89.38775510204081|89.38775510204081|88.70748299319727|88.9795918367347|88.16326530612245|87.95918367346938|87.55102040816327|84.82993197278911|
| Random |80.27210884353741|88.02721088435374|88.77551020408163|87.95918367346938|86.4625850340136|85.3061224489796|77.07482993197279|79.45578231292517|71.08843537414965|70.06802721088435|
| BADGE |62.04081632653061|78.0952380952381|83.60544217687075|86.59863945578232|87.34693877551021|88.57142857142857|88.77551020408163|88.57142857142857|87.89115646258503|88.50340136054422|
---------------------------------------------------------------------


Unlabeled data Accuracy
---------------------------------------------------------------------
|Algo                            |185|370|555|740|925|1110|1295|1480|1665|1850|
| One Step Taylor |91.4027149321267|91.28689492325856|83.48148148148148|93.58344113842173|95.57065217391305|93.8483547925608|96.76737160120845|96.32|98.0952380952381|98.83847549909255|
| Fac Loc Reg One Step |91.4027149321267|92.16056670602126|92.37037037037037|93.29883570504528|95.95108695652173|97.25321888412017|98.18731117824774|98.624|98.74149659863946|99.01996370235935|
| Rand Reg One Step |91.4027149321267|93.24834749763929|92.76900296150049|95.88934850051706|97.06840390879479|97.17142857142858|96.68275030156815|98.27586206896552|98.5753052917232|99.09551374819102|
| Facility Location |91.4027149321267|91.66469893742621|92.0246913580247|91.41009055627426|91.92934782608695|92.61802575107296|92.35649546827794|90.752|90.74829931972789|91.07078039927404|
| FASS |91.4027149321267|94.28571428571429|94.5925925925926|95.13583441138422|95.48913043478261|95.67954220314735|95.61933534743203|96.032|96.22448979591837|95.78947368421052|
| Random |91.4027149321267|91.58018867924528|92.3152709359606|92.57731958762886|94.64864864864865|94.51704545454545|93.32335329341318|94.33544303797468|94.59731543624162|95.35714285714286|
| BADGE |90.33931272963044|95.09230076542099|97.48649283533004|98.55108055009823|99.25392333419089|99.59481361426256|99.71566676144441|99.72989195678271|99.8093422306959|99.83119513841999|
---------------------------------------------------------------------
