=======================================
ijcnn1_fraction:0.5_epochs:200_no of selection:10 2020-09-06 20:02:55.457306
ijcnn1 :Budget =  0.5
Validation Accuracy
---------------------------------------------------------------------
|Algo                            |1750|3500|5250|7000|8750|10500|12250|14000|15750|17500|
| One Step Taylor |68.63699582753824|78.40751043115438|78.26842837273992|79.3115438108484|79.13769123783032|79.06815020862308|78.96383866481224|79.41585535465924|79.62447844228095|79.34631432545201|
| Fac Loc Reg One Step |68.63699582753824|73.64394993045897|71.557719054242|74.72183588317107|76.18219749652295|76.2865090403338|77.12100139082058|78.12934631432545|78.72044506258693|79.03337969401947|
| Rand Reg One Step |68.63699582753824|78.02503477051461|78.30319888734353|78.05980528511822|77.43393602225314|78.2336578581363|78.54659248956885|78.99860917941585|78.85952712100139|79.03337969401947|
| Facility Location |68.63699582753824|73.0528511821975|73.08762169680111|73.57440890125174|74.3741307371349|74.82614742698192|75.38247566063978|76.18219749652295|76.77329624478442|77.05146036161335|
| FASS |68.63699582753824|75.6258692628651|78.12934631432545|78.12934631432545|77.74687065368568|77.19054242002781|76.91237830319889|76.66898470097358|76.56467315716273|76.70375521557719|
| Random |68.63699582753824|84.59666203059805|86.30041724617524|87.10013908205842|87.37830319888734|86.47426981919332|86.02225312934631|85.81363004172462|85.46592489568846|84.9095966620306|
| BADGE |68.67176634214186|76.56467315716273|76.63421418636996|77.32962447844228|77.46870653685674|78.47705146036161|78.68567454798331|78.85952712100139|78.89429763560501|78.92906815020862|
---------------------------------------------------------------------


Test Accuracy
---------------------------------------------------------------------
|Algo                            |1750|3500|5250|7000|8750|10500|12250|14000|15750|17500|
| One Step Taylor |58.597337006427914|69.96097337006428|68.70982552800734|68.99104683195593|67.66528925619835|65.4212580348944|64.59481175390266|65.08264462809917|65.46717171717172|65.47865013774104|
| Fac Loc Reg One Step |58.597337006427914|64.40541781450872|61.002066115702476|65.33516988062442|64.33080808080808|63.59044995408632|63.91184573002755|64.46854912764003|64.83585858585859|65.04820936639119|
| Rand Reg One Step |58.597337006427914|68.79017447199266|68.33677685950413|70.27662993572085|69.55348943985308|66.3165748393021|65.30073461891644|65.46717171717172|64.72107438016529|64.9334251606979|
| Facility Location |68.63699582753824|73.0528511821975|73.08762169680111|73.57440890125174|74.3741307371349|74.82614742698192|75.38247566063978|76.18219749652295|76.77329624478442|77.05146036161335|
| FASS |58.597337006427914|61.8801652892562|63.32644628099174|63.7568870523416|64.17011019283747|64.42263544536272|64.4915059687787|64.61776859504133|64.55463728191|64.38820018365473|
| Random |58.597337006427914|77.81221303948577|81.1524334251607|82.26584022038567|82.294536271809|80.56129476584022|78.59848484848484|77.13498622589532|75.89531680440771|74.4777318640955|
| BADGE |58.574380165289256|64.07828282828282|64.78994490358127|65.86317722681359|65.50734618916437|66.36248852157944|66.30509641873279|66.05257116620753|65.5188246097337|65.31795224977043|
---------------------------------------------------------------------


Unlabeled data Accuracy
---------------------------------------------------------------------
|Algo                            |1750|3500|5250|7000|8750|10500|12250|14000|15750|17500|
| One Step Taylor |90.92932330827068|91.61904761904762|94.3563025210084|95.31785714285714|95.99238095238096|96.5061224489796|97.50769230769231|98.18571428571428|98.6025974025974|98.71428571428571|
| Fac Loc Reg One Step |90.92932330827068|90.96190476190476|93.79495798319327|95.26785714285714|96.32380952380953|97.4530612244898|97.74505494505495|98.32857142857142|98.42597402597403|98.48|
| Rand Reg One Step |90.92932330827068|92.02222222222223|93.31428571428572|95.85714285714286|96.97904761904762|97.14285714285714|97.71428571428571|98.28571428571429|98.34805194805195|98.71428571428571|
| Facility Location |90.92932330827068|91.04444444444445|91.09915966386555|91.125|91.1352380952381|91.09795918367347|91.12967032967033|91.19047619047619|91.38181818181818|91.54285714285714|
| FASS |90.92932330827068|91.7968253968254|92.83025210084034|93.76071428571429|94.7695238095238|95.75510204081633|96.64615384615385|97.46190476190476|98.14545454545454|98.53142857142858|
| Random |90.92932330827068|90.77777777777777|89.07226890756303|88.42857142857143|89.0552380952381|91.37551020408164|92.98901098901099|93.94761904761904|94.8051948051948|95.47428571428571|
| BADGE |90.97443609022557|92.46031746031746|93.59327731092436|94.70714285714286|95.7447619047619|96.68979591836735|97.51648351648352|98.16666666666667|98.65974025974026|99.01142857142857|
---------------------------------------------------------------------
