=======================================
satimage_fraction:0.2_epochs:200_no of selection:10 2020-09-09 02:59:33.183244
satimage :Budget =  0.2
Validation Accuracy
---------------------------------------------------------------------
|Algo                            |48|96|144|192|240|288|336|384|432|480|
| One Step Taylor |71.2280701754386|50.175438596491226|52.280701754385966|46.8421052631579|50.87719298245614|60.526315789473685|59.473684210526315|72.28070175438596|63.333333333333336|61.578947368421055|
| Fac Loc Reg One Step |71.2280701754386|40.35087719298246|55.08771929824562|57.36842105263158|64.56140350877193|71.40350877192982|68.0701754385965|65.43859649122807|68.7719298245614|57.719298245614034|
| Rand Reg One Step |71.2280701754386|67.36842105263158|67.01754385964912|71.40350877192982|63.85964912280702|77.89473684210526|66.84210526315789|75.6140350877193|71.40350877192982|71.57894736842105|
| Facility Location |71.2280701754386|76.84210526315789|69.47368421052632|75.96491228070175|67.01754385964912|73.15789473684211|80.17543859649123|74.21052631578948|65.78947368421052|78.0701754385965|
| FASS |71.2280701754386|73.50877192982456|75.08771929824562|76.49122807017544|78.94736842105263|79.64912280701755|80.35087719298245|77.19298245614036|75.96491228070175|72.98245614035088|
| Random |71.2280701754386|74.03508771929825|78.24561403508773|76.66666666666667|77.89473684210526|75.26315789473684|70.35087719298245|59.29824561403509|59.64912280701754|64.73684210526316|
| BADGE |67.19298245614036|73.15789473684211|75.08771929824562|77.19298245614036|78.24561403508773|80.52631578947368|82.10526315789474|81.40350877192982|82.98245614035088|83.50877192982456|
---------------------------------------------------------------------


Test Accuracy
---------------------------------------------------------------------
|Algo                            |48|96|144|192|240|288|336|384|432|480|
| One Step Taylor |73.30173775671406|47.867298578199055|53.63349131121643|46.91943127962085|51.97472353870458|61.611374407582936|62.2432859399684|74.01263823064771|65.32385466034755|64.6129541864139|
| Fac Loc Reg One Step |73.30173775671406|39.73143759873618|52.76461295418641|55.37124802527646|64.06003159557662|72.27488151658768|67.29857819905213|66.58767772511848|67.37756714060032|55.37124802527646|
| Rand Reg One Step |73.30173775671406|67.53554502369668|65.87677725118483|68.72037914691943|63.665086887835706|77.09320695102686|70.14218009478672|77.40916271721959|71.01105845181675|68.72037914691943|
| Facility Location |71.2280701754386|76.84210526315789|69.47368421052632|75.96491228070175|67.01754385964912|73.15789473684211|80.17543859649123|74.21052631578948|65.78947368421052|78.0701754385965|
| FASS |73.30173775671406|75.434439178515|76.46129541864138|78.67298578199052|77.96208530805687|79.6998420221169|80.25276461295418|80.33175355450237|77.01421800947867|76.38230647709321|
| Random |73.30173775671406|73.53870458135862|75.434439178515|78.19905213270142|79.14691943127963|75.98736176935229|69.51026856240127|60.97946287519747|60.74249605055292|64.06003159557662|
| BADGE |66.66666666666667|74.72353870458136|75.9083728278041|78.83096366508688|80.41074249605056|83.0173775671406|82.93838862559242|84.12322274881517|83.88625592417061|85.15007898894154|
---------------------------------------------------------------------


Unlabeled data Accuracy
---------------------------------------------------------------------
|Algo                            |48|96|144|192|240|288|336|384|432|480|
| One Step Taylor |83.28993055555556|48.58156028368794|56.7481884057971|53.98148148148148|59.65909090909091|65.16472868217055|74.05753968253968|78.04878048780488|78.07291666666667|70.2457264957265|
| Fac Loc Reg One Step |83.28993055555556|35.15070921985816|68.93115942028986|76.11111111111111|77.65151515151516|79.69961240310077|60.317460317460316|65.09146341463415|81.82291666666667|73.82478632478633|
| Rand Reg One Step |83.28993055555556|74.70093043863535|72.98642533936652|68.83957466481738|77.45746691871456|81.9236346060899|75.07418397626112|84.0506329113924|85.16597510373444|85.38011695906432|
| Facility Location |83.28993055555556|77.7482269503546|80.16304347826087|79.35185185185185|72.91666666666667|80.8624031007752|80.10912698412699|82.97764227642277|83.17708333333333|80.66239316239316|
| FASS |83.28993055555556|81.73758865248227|84.32971014492753|84.39814814814815|83.80681818181819|81.73449612403101|84.42460317460318|78.30284552845528|85.41666666666667|86.85897435897436|
| Random |83.28993055555556|74.29078014184397|73.0072463768116|72.68518518518519|74.76325757575758|79.45736434108527|71.18055555555556|74.49186991869918|78.85416666666667|81.19658119658119|
| BADGE |81.20659722222223|84.48581560283688|85.0090579710145|86.20370370370371|86.60037878787878|88.37209302325581|89.18650793650794|90.14227642276423|90.72916666666667|91.66666666666667|
---------------------------------------------------------------------
