=======================================
svmguide1_fraction:0.2_epochs:200_no of selection:10 2020-08-31 02:20:40.445845
svmguide1 :Budget =  0.2
Validation Accuracy
---------------------------------------------------------------------
|Algo                            |56|112|168|224|280|336|392|448|504|560|
| Taylor Online |91.90938511326861|92.23300970873787|92.55663430420712|94.1747572815534|94.1747572815534|95.14563106796116|95.46925566343042|95.14563106796116|95.14563106796116|95.79288025889967|
| Full OneStep |91.90938511326861|94.49838187702265|95.79288025889967|95.14563106796116|95.79288025889967|95.46925566343042|95.14563106796116|95.46925566343042|95.46925566343042|95.79288025889967|
| Facloc Regularized |91.90938511326861|92.23300970873787|92.55663430420712|93.85113268608414|93.52750809061489|94.49838187702265|94.8220064724919|95.14563106796116|95.14563106796116|95.46925566343042|
| Random Greedy |91.90938511326861|92.55663430420712|91.58576051779936|93.85113268608414|93.85113268608414|94.49838187702265|94.49838187702265|95.14563106796116|95.46925566343042|95.14563106796116|
| Facility Location |90.29126213592232|93.20388349514563|93.20388349514563|93.20388349514563|93.20388349514563|93.20388349514563|93.52750809061489|93.20388349514563|93.20388349514563|93.52750809061489|
| FASS |91.90938511326861|94.8220064724919|94.8220064724919|95.46925566343042|96.11650485436893|96.11650485436893|96.11650485436893|96.11650485436893|96.11650485436893|96.11650485436893|
| Random |91.90938511326861|93.85113268608414|95.14563106796116|93.85113268608414|94.49838187702265|93.52750809061489|94.1747572815534|94.49838187702265|94.49838187702265|94.8220064724919|
| Random Perturbation |91.90938511326861|93.52750809061489|94.49838187702265|94.49838187702265|94.8220064724919|94.49838187702265|95.14563106796116|94.8220064724919|95.14563106796116|95.14563106796116|
| BADGE |92.23300970873787|92.88025889967638|94.49838187702265|93.85113268608414|94.8220064724919|94.8220064724919|94.49838187702265|95.14563106796116|95.14563106796116|95.79288025889967|
---------------------------------------------------------------------


Test Accuracy
---------------------------------------------------------------------
|Algo                            |56|112|168|224|280|336|392|448|504|560|
| Taylor Online |92.4|94.55|94.175|94.7|94.775|94.8|95.15|95.075|95.15|95.225|
| Full OneStep |92.4|94.025|94.525|95.325|95.425|95.3|95.05|95.225|95.45|95.375|
| Facloc Regularized |92.4|94.05|94.2|94.675|94.15|94.7|94.875|95.125|95.275|95.4|
| Random Greedy |92.4|94.475|93.8|94.4|94.7|94.8|94.875|95.1|95.25|95.4|
| Facility Location |90.29126213592232|93.20388349514563|93.20388349514563|93.20388349514563|93.20388349514563|93.20388349514563|93.52750809061489|93.20388349514563|93.20388349514563|93.52750809061489|
| FASS |92.4|93.075|94.2|94.5|94.975|95.2|95.0|95.025|95.0|95.1|
| Random |92.4|93.45|93.825|93.975|94.55|94.925|94.95|94.925|95.0|95.25|
| Random Perturbation |92.4|93.525|93.5|94.725|95.275|95.5|95.5|95.5|95.375|95.3|
| BADGE |93.85|94.1|94.85|94.65|94.975|94.8|94.725|95.05|95.175|95.275|
---------------------------------------------------------------------


Unlabeled data Accuracy
---------------------------------------------------------------------
|Algo                            |56|112|168|224|280|336|392|448|504|560|
| Taylor Online |92.54772393538913|93.40329835082458|93.52986217457887|94.91392801251956|95.28|95.7037643207856|95.97989949748744|96.31217838765009|96.57293497363796|96.75675675675676|
| Full OneStep |92.54772393538913|94.15292353823088|94.7166921898928|95.34428794992175|95.4|95.3355155482815|95.4355108877722|95.88336192109777|96.00175746924428|96.30630630630631|
| Facloc Regularized |92.54772393538913|93.14092953523239|93.68300153139357|94.67918622848201|94.44|95.5810147299509|95.97989949748744|96.95540308747856|97.53954305799648|98.01801801801801|
| Random Greedy |92.54772393538913|93.81790932933683|92.88446824789594|94.21649081672528|95.00798722044729|95.46753777051858|95.53049289891395|96.3659683625481|96.84763572679509|97.03903095558546|
| Facility Location |90.41850220264317|91.904047976012|92.49617151607963|92.72300469483568|93.08|93.28968903436989|93.42546063651591|93.39622641509433|93.23374340949033|93.42342342342343|
| FASS |92.54772393538913|94.07796101949026|95.13782542113323|95.61815336463224|96.0|96.27659574468085|96.52428810720268|96.56946826758147|96.79261862917399|96.98198198198199|
| Random |92.54772393538913|93.96551724137932|94.2572741194487|94.0923317683881|94.32|94.189852700491|94.22110552763819|94.16809605488851|94.24428822495607|94.41441441441441|
| Random Perturbation |92.54772393538913|93.92803598200899|94.21898928024503|94.64006259780908|94.96|95.13093289689034|95.18425460636516|95.36878216123499|95.25483304042179|95.13513513513513|
| BADGE |93.06596701649175|93.68300153139357|94.5226917057903|94.76|95.37643207855974|95.81239530988275|96.14065180102916|96.61687170474517|97.07207207207207|97.59704251386322|
---------------------------------------------------------------------
