=======================================
usps_fraction:0.3_epochs:200_no of selection:10 2020-09-09 12:18:35.801421
usps :Budget =  0.3
Validation Accuracy
---------------------------------------------------------------------
|Algo                            |197|394|591|788|985|1182|1379|1576|1773|1970|
| One Step Taylor |93.01369863013699|88.76712328767124|91.36986301369863|94.65753424657534|94.93150684931507|92.05479452054794|93.42465753424658|94.24657534246575|83.15068493150685|92.87671232876713|
| Fac Loc Reg One Step |93.01369863013699|87.26027397260275|91.5068493150685|92.73972602739725|93.56164383561644|95.20547945205479|95.06849315068493|96.02739726027397|94.79452054794521|95.89041095890411|
| Rand Reg One Step |93.01369863013699|91.36986301369863|91.91780821917808|95.61643835616438|95.47945205479452|94.93150684931507|96.02739726027397|96.02739726027397|95.89041095890411|96.16438356164383|
| Facility Location |93.01369863013699|93.83561643835617|93.01369863013699|94.65753424657534|94.52054794520548|94.52054794520548|93.28767123287672|93.56164383561644|94.79452054794521|94.79452054794521|
| FASS |93.01369863013699|96.02739726027397|97.3972602739726|97.8082191780822|97.53424657534246|97.8082191780822|97.53424657534246|96.84931506849315|96.98630136986301|95.20547945205479|
| Random |93.01369863013699|92.87671232876713|93.28767123287672|94.79452054794521|94.38356164383562|92.87671232876713|92.6027397260274|94.79452054794521|95.20547945205479|95.34246575342466|
| BADGE |89.58904109589041|94.38356164383562|96.43835616438356|97.12328767123287|97.8082191780822|98.63013698630137|97.94520547945206|98.08219178082192|98.21917808219177|98.08219178082192|
---------------------------------------------------------------------


Test Accuracy
---------------------------------------------------------------------
|Algo                            |197|394|591|788|985|1182|1379|1576|1773|1970|
| One Step Taylor |88.5401096163428|86.49725959143|88.44045839561535|89.98505231689089|88.93871449925261|88.58993522670653|89.13801694070753|90.63278525161934|79.37219730941705|87.7927254608869|
| Fac Loc Reg One Step |88.5401096163428|84.75336322869956|87.39412057797708|88.19133034379671|89.8355754857997|90.43348281016442|91.52964623816642|91.38016940707524|91.18086696562033|91.6791230692576|
| Rand Reg One Step |88.5401096163428|88.44045839561535|89.08819133034379|90.03487792725461|90.88191330343797|90.23418036870952|90.5829596412556|90.18435475834579|91.8784255107125|92.2272047832586|
| Facility Location |93.01369863013699|93.83561643835617|93.01369863013699|94.65753424657534|94.52054794520548|94.52054794520548|93.28767123287672|93.56164383561644|94.79452054794521|94.79452054794521|
| FASS |88.5401096163428|90.9317389138017|91.08121574489287|91.23069257598405|91.42999501743897|92.17737917289487|92.17737917289487|91.8784255107125|92.32685600398605|92.17737917289487|
| Random |88.5401096163428|88.88888888888889|88.88888888888889|89.38714499252616|88.78923766816143|87.9920279023418|88.49028400597908|90.78226208271052|90.73243647234679|91.42999501743897|
| BADGE |84.70353761833583|88.68958644743398|91.3303437967115|91.97807673143996|93.12406576980568|93.27354260089686|93.37319382162431|93.52267065271549|93.82162431489786|93.92127553562531|
---------------------------------------------------------------------


Unlabeled data Accuracy
---------------------------------------------------------------------
|Algo                            |197|394|591|788|985|1182|1379|1576|1773|1970|
| One Step Taylor |92.31615336266499|89.65461326414788|93.43383584589614|93.97193833362203|95.08608321377332|94.49711842349879|95.92821304515631|97.15145436308927|87.42690058479532|95.49117839250708|
| Fac Loc Reg One Step |92.31615336266499|86.36289930274039|91.54103852596315|92.2397367053525|94.97847919655668|95.40806841420338|96.52643766885373|97.17151454363089|97.55639097744361|97.9742975386626|
| Rand Reg One Step |92.31615336266499|91.39105058365759|93.21835231078366|94.71952908587258|96.12903225806451|95.39375928677563|97.07016191210485|96.65464743589743|98.22768974145121|98.91304347826087|
| Facility Location |92.31615336266499|92.8814658667099|92.89782244556113|93.0019054217911|92.98780487804878|93.02844394868934|92.53184098803551|92.27683049147443|93.27485380116958|93.31300370289698|
| FASS |92.31615336266499|94.53543051726933|94.85762144053601|95.25376753854148|95.51649928263988|96.17029187581335|96.39135468930915|96.89067201604814|97.38930659983292|97.71291657590939|
| Random |92.31615336266499|92.03109815354713|92.58021390374331|93.09630652399034|92.63026409707352|92.02068710749907|92.7833078101072|94.21930870083433|94.21965317919076|94.75719810915342|
| BADGE |88.85920804525456|93.14091130209178|95.49413735343384|96.95132513424562|98.27833572453372|98.97750511247443|99.53685835584716|99.679037111334|99.74937343358395|99.8039642779351|
---------------------------------------------------------------------
