=======================================
dna_fraction:0.3_epochs:200_no of selection:10 2020-09-09 02:13:44.997484
dna :Budget =  0.3
Validation Accuracy
---------------------------------------------------------------------
|Algo                            |42|84|126|168|210|252|294|336|378|420|
| One Step Taylor |67.91979949874687|75.68922305764411|80.95238095238095|84.9624060150376|84.46115288220551|86.96741854636592|88.97243107769424|89.47368421052632|89.72431077694236|87.21804511278195|
| Fac Loc Reg One Step |67.91979949874687|73.1829573934837|82.45614035087719|86.2155388471178|86.46616541353383|89.72431077694236|90.72681704260651|91.2280701754386|91.97994987468671|91.72932330827068|
| Rand Reg One Step |67.91979949874687|72.68170426065163|82.20551378446115|81.70426065162907|85.46365914786968|88.22055137844612|87.71929824561404|90.72681704260651|90.22556390977444|90.97744360902256|
| Facility Location |67.91979949874687|74.43609022556392|75.68922305764411|80.95238095238095|81.45363408521304|80.70175438596492|84.71177944862156|82.20551378446115|83.45864661654136|81.95488721804512|
| FASS |67.91979949874687|78.94736842105263|80.70175438596492|87.96992481203007|88.97243107769424|91.2280701754386|89.22305764411027|91.47869674185463|89.22305764411027|87.21804511278195|
| Random |67.91979949874687|77.44360902255639|79.19799498746868|80.70175438596492|79.9498746867168|80.95238095238095|82.45614035087719|83.70927318295739|83.70927318295739|87.468671679198|
| BADGE |56.390977443609025|74.43609022556392|78.19548872180451|81.45363408521304|78.19548872180451|83.70927318295739|89.22305764411027|87.468671679198|89.97493734335839|91.72932330827068|
---------------------------------------------------------------------


Test Accuracy
---------------------------------------------------------------------
|Algo                            |42|84|126|168|210|252|294|336|378|420|
| One Step Taylor |68.57142857142857|76.78571428571429|81.9047619047619|85.95238095238095|83.92857142857143|86.19047619047619|87.85714285714286|88.33333333333333|87.73809523809524|86.54761904761905|
| Fac Loc Reg One Step |68.57142857142857|74.76190476190476|83.33333333333333|86.78571428571429|86.19047619047619|89.76190476190476|86.66666666666667|90.0|89.16666666666667|88.92857142857143|
| Rand Reg One Step |68.57142857142857|73.45238095238095|82.61904761904762|82.5|85.0|88.33333333333333|89.04761904761905|89.4047619047619|90.83333333333333|90.35714285714286|
| Facility Location |67.91979949874687|74.43609022556392|75.68922305764411|80.95238095238095|81.45363408521304|80.70175438596492|84.71177944862156|82.20551378446115|83.45864661654136|81.95488721804512|
| FASS |68.57142857142857|77.85714285714286|83.33333333333333|87.14285714285714|87.38095238095238|88.57142857142857|86.54761904761905|87.38095238095238|86.19047619047619|84.16666666666667|
| Random |68.57142857142857|78.45238095238095|76.78571428571429|77.5|80.47619047619048|82.97619047619048|84.04761904761905|83.92857142857143|84.76190476190476|85.5952380952381|
| BADGE |55.714285714285715|73.80952380952381|78.33333333333333|82.97619047619048|81.42857142857143|84.4047619047619|85.23809523809524|86.42857142857143|89.76190476190476|91.30952380952381|
---------------------------------------------------------------------


Unlabeled data Accuracy
---------------------------------------------------------------------
|Algo                            |42|84|126|168|210|252|294|336|378|420|
| One Step Taylor |55.00736377025037|76.97568389057751|82.18210361067504|86.12012987012987|88.23529411764706|90.06968641114983|90.05424954792043|92.95112781954887|93.15068493150685|94.08163265306122|
| Fac Loc Reg One Step |55.00736377025037|75.30395136778115|83.04552590266876|87.09415584415585|87.39495798319328|88.7630662020906|89.9638336347197|91.44736842105263|91.87866927592955|93.46938775510205|
| Rand Reg One Step |55.00736377025037|76.46165527714503|83.07210031347962|85.66801619433198|86.4321608040201|88.46487424111015|90.8273381294964|91.69000933706816|92.52427184466019|93.93326592517694|
| Facility Location |55.00736377025037|59.72644376899696|66.01255886970172|69.07467532467533|71.9327731092437|73.5191637630662|73.96021699819168|77.5375939849624|76.32093933463797|75.40816326530613|
| FASS |55.00736377025037|73.6322188449848|77.0800627943485|82.22402597402598|85.21008403361344|88.06620209059234|88.60759493670886|90.13157894736842|90.1174168297456|91.63265306122449|
| Random |55.00736377025037|69.52887537993921|73.861852433281|76.2987012987013|78.23529411764706|77.70034843205575|79.11392405063292|81.203007518797|82.58317025440313|84.18367346938776|
| BADGE |40.35346097201767|71.27659574468085|78.96389324960754|84.82142857142857|84.28571428571429|86.7595818815331|88.96925858951175|88.90977443609023|92.27005870841488|93.16326530612245|
---------------------------------------------------------------------
