=======================================
svmguide1_fraction:0.4_epochs:200_no of selection:10 2020-09-05 11:37:51.337178
svmguide1 :Budget =  0.4
Validation Accuracy
---------------------------------------------------------------------
|Algo                            |0|112|224|336|448|560|672|784|896|1008|
| One Step Taylor |91.91919191919192|92.92929292929293|93.43434343434343|93.93939393939394|95.45454545454545|94.44444444444444|94.94949494949495|94.44444444444444|94.44444444444444|94.44444444444444|
| Fac Loc Reg One Step |91.91919191919192|92.92929292929293|92.92929292929293|93.93939393939394|95.45454545454545|94.44444444444444|94.94949494949495|94.94949494949495|94.94949494949495|94.94949494949495|
| Rand Reg One Step |91.91919191919192|92.92929292929293|93.43434343434343|93.93939393939394|94.44444444444444|94.94949494949495|94.44444444444444|94.94949494949495|94.94949494949495|94.94949494949495|
| Facility Location |91.91919191919192|92.42424242424242|92.92929292929293|92.42424242424242|92.42424242424242|92.92929292929293|92.92929292929293|92.92929292929293|93.93939393939394|93.93939393939394|
| FASS |91.91919191919192|93.43434343434343|95.45454545454545|95.45454545454545|95.45454545454545|94.94949494949495|95.45454545454545|95.45454545454545|95.45454545454545|95.45454545454545|
| Random |91.91919191919192|92.42424242424242|93.43434343434343|93.43434343434343|92.92929292929293|92.92929292929293|92.92929292929293|92.92929292929293|92.92929292929293|92.92929292929293|
| BADGE |93.43434343434343|93.43434343434343|95.95959595959596|95.45454545454545|95.45454545454545|95.45454545454545|95.45454545454545|95.45454545454545|95.95959595959596|95.45454545454545|
---------------------------------------------------------------------


Test Accuracy
---------------------------------------------------------------------
|Algo                            |0|112|224|336|448|560|672|784|896|1008|
| One Step Taylor |91.825|92.725|93.9|94.5|95.25|95.375|95.4|95.4|95.45|95.425|
| Fac Loc Reg One Step |91.825|93.0|93.775|94.825|95.025|95.375|95.4|95.475|95.425|95.575|
| Rand Reg One Step |91.825|92.9|94.025|94.4|94.8|95.2|95.45|95.425|95.45|95.425|
| Facility Location |91.91919191919192|92.42424242424242|92.92929292929293|92.42424242424242|92.42424242424242|92.92929292929293|92.92929292929293|92.92929292929293|93.93939393939394|93.93939393939394|
| FASS |91.825|94.1|94.575|95.175|95.4|95.475|95.4|95.5|95.55|95.45|
| Random |91.825|92.9|93.5|93.975|94.2|94.225|94.3|94.5|94.6|94.65|
| BADGE |93.525|94.25|94.95|95.2|95.325|95.35|95.475|95.475|95.55|95.575|
---------------------------------------------------------------------


Unlabeled data Accuracy
---------------------------------------------------------------------
|Algo                            |0|112|224|336|448|560|672|784|896|1008|
| One Step Taylor |90.55472263868066|91.35367762128325|93.28968903436989|94.5540308747856|96.57657657657657|97.53320683111954|97.64529058116233|97.61146496815287|97.51693002257336|97.53012048192771|
| Fac Loc Reg One Step |90.55472263868066|91.51017214397496|93.0441898527005|95.32590051457976|96.44144144144144|97.6280834914611|97.99599198396794|98.08917197452229|98.1941309255079|98.49397590361446|
| Rand Reg One Step |90.55472263868066|91.59170903402425|93.45870809484873|94.30406852248395|95.72841726618705|97.34973970657832|97.75224775224775|97.77895293495504|97.86516853932584|97.90293588975435|
| Facility Location |90.55472263868066|92.13615023474179|92.75777414075286|92.62435677530017|93.33333333333333|93.50094876660341|93.33667334669339|93.47133757961784|93.39729119638827|93.3132530120482|
| FASS |90.55472263868066|94.24882629107981|95.0900163666121|95.62607204116638|96.21621621621621|96.7741935483871|96.84368737474949|97.29299363057325|97.686230248307|98.07228915662651|
| Random |90.55472263868066|91.54929577464789|92.3076923076923|92.58147512864494|92.88288288288288|92.69449715370018|92.88577154308618|93.04670912951168|92.88939051918736|93.25301204819277|
| BADGE |92.41001564945226|93.9443535188216|95.15437392795883|96.26126126126127|97.01138519924099|97.54509018036072|98.08917197452229|98.53273137697516|99.1566265060241|99.74160206718346|
---------------------------------------------------------------------
