=======================================
sklearn-digits_fraction:0.2_epochs:200_no of selection:10 2020-09-09 01:00:32.531842
sklearn-digits :Budget =  0.2
Validation Accuracy
---------------------------------------------------------------------
|Algo                            |30|60|90|120|150|180|210|240|270|300|
| One Step Taylor |81.48148148148148|80.24691358024691|83.95061728395062|80.24691358024691|91.35802469135803|88.27160493827161|90.12345679012346|90.12345679012346|94.44444444444444|91.35802469135803|
| Fac Loc Reg One Step |81.48148148148148|79.62962962962963|79.01234567901234|86.41975308641975|83.33333333333333|91.35802469135803|89.50617283950618|91.9753086419753|93.20987654320987|94.44444444444444|
| Rand Reg One Step |81.48148148148148|79.01234567901234|87.65432098765432|88.27160493827161|86.41975308641975|90.12345679012346|87.65432098765432|90.12345679012346|88.88888888888889|90.74074074074075|
| Facility Location |81.48148148148148|82.09876543209876|86.41975308641975|87.03703703703704|88.27160493827161|86.41975308641975|87.65432098765432|87.03703703703704|88.27160493827161|89.50617283950618|
| FASS |81.48148148148148|87.03703703703704|93.82716049382717|96.29629629629629|91.35802469135803|95.06172839506173|94.44444444444444|95.06172839506173|95.06172839506173|95.06172839506173|
| Random |81.48148148148148|86.41975308641975|86.41975308641975|87.03703703703704|88.88888888888889|88.88888888888889|91.35802469135803|88.88888888888889|91.9753086419753|90.74074074074075|
| BADGE |68.51851851851852|75.92592592592592|82.71604938271605|86.41975308641975|91.9753086419753|90.74074074074075|90.12345679012346|90.74074074074075|92.5925925925926|91.9753086419753|
---------------------------------------------------------------------


Test Accuracy
---------------------------------------------------------------------
|Algo                            |30|60|90|120|150|180|210|240|270|300|
| One Step Taylor |88.88888888888889|87.77777777777777|92.77777777777777|87.22222222222223|93.33333333333333|95.55555555555556|95.0|96.66666666666667|96.11111111111111|94.44444444444444|
| Fac Loc Reg One Step |88.88888888888889|85.55555555555556|87.77777777777777|86.66666666666667|88.33333333333333|87.77777777777777|92.22222222222223|95.55555555555556|95.0|97.22222222222223|
| Rand Reg One Step |88.88888888888889|87.77777777777777|93.33333333333333|92.22222222222223|87.77777777777777|93.88888888888889|94.44444444444444|96.11111111111111|94.44444444444444|96.66666666666667|
| Facility Location |81.48148148148148|82.09876543209876|86.41975308641975|87.03703703703704|88.27160493827161|86.41975308641975|87.65432098765432|87.03703703703704|88.27160493827161|89.50617283950618|
| FASS |88.88888888888889|89.44444444444444|93.33333333333333|94.44444444444444|94.44444444444444|96.66666666666667|96.11111111111111|96.66666666666667|97.22222222222223|96.66666666666667|
| Random |88.88888888888889|87.77777777777777|90.55555555555556|92.22222222222223|93.33333333333333|94.44444444444444|92.22222222222223|92.77777777777777|93.33333333333333|93.33333333333333|
| BADGE |73.88888888888889|75.55555555555556|84.44444444444444|89.44444444444444|88.33333333333333|91.11111111111111|91.66666666666667|92.22222222222223|96.11111111111111|96.66666666666667|
---------------------------------------------------------------------


Unlabeled data Accuracy
---------------------------------------------------------------------
|Algo                            |30|60|90|120|150|180|210|240|270|300|
| One Step Taylor |85.82456140350877|83.94265232974911|89.01098901098901|87.64044943820225|92.183908045977|94.19607843137256|94.53815261044177|95.06172839506173|96.62447257383967|96.62337662337663|
| Fac Loc Reg One Step |85.82456140350877|82.58064516129032|84.3956043956044|86.74157303370787|88.73563218390805|92.94117647058823|91.88755020080322|95.7201646090535|96.03375527426161|96.45021645021644|
| Rand Reg One Step |85.82456140350877|85.08960573476702|90.6959706959707|89.5880149812734|90.80459770114942|95.05882352941177|95.7429718875502|96.04938271604938|95.61181434599156|97.31601731601732|
| Facility Location |85.82456140350877|87.74193548387096|89.52380952380952|89.43820224719101|89.11877394636015|90.19607843137256|90.28112449799197|90.94650205761317|91.39240506329114|91.16883116883118|
| FASS |85.82456140350877|91.11111111111111|93.6996336996337|95.2059925093633|96.16858237547893|96.70588235294117|97.6706827309237|97.94238683127573|97.72151898734177|97.74891774891775|
| Random |85.82456140350877|87.168458781362|88.27838827838828|90.93632958801498|91.95402298850574|92.47058823529412|92.93172690763052|92.92181069958848|93.50210970464136|92.38095238095238|
| BADGE |74.10526315789474|81.86379928315412|86.66666666666667|90.11235955056179|92.26053639846744|94.90196078431373|95.1004016064257|95.88477366255144|97.46835443037975|98.18181818181819|
---------------------------------------------------------------------
