=======================================
dna_fraction:0.5_epochs:200_no of selection:10 2020-09-08 20:06:13.975023
dna :Budget =  0.5
Validation Accuracy
---------------------------------------------------------------------
|Algo                            |70|140|210|280|350|420|490|560|630|700|
| One Step Taylor |55.833333333333336|81.83333333333333|86.66666666666667|89.16666666666667|89.83333333333333|91.83333333333333|91.33333333333333|94.16666666666667|94.83333333333333|94.33333333333333|
| Fac Loc Reg One Step |55.833333333333336|81.83333333333333|87.66666666666667|88.0|91.33333333333333|91.0|93.33333333333333|93.83333333333333|94.33333333333333|94.83333333333333|
| Rand Reg One Step |55.833333333333336|80.0|85.5|87.66666666666667|88.66666666666667|89.5|90.66666666666667|92.5|94.33333333333333|94.5|
| Facility Location |55.833333333333336|68.33333333333333|74.0|79.5|79.16666666666667|78.16666666666667|78.83333333333333|77.66666666666667|72.5|77.16666666666667|
| FASS |55.833333333333336|70.0|77.83333333333333|81.33333333333333|81.33333333333333|83.0|84.5|86.16666666666667|87.16666666666667|86.83333333333333|
| Random |55.833333333333336|71.66666666666667|76.83333333333333|81.16666666666667|82.16666666666667|82.66666666666667|84.33333333333333|86.66666666666667|87.0|87.5|
| BADGE |43.333333333333336|77.83333333333333|83.16666666666667|87.33333333333333|89.0|91.66666666666667|93.16666666666667|93.5|94.66666666666667|94.83333333333333|
---------------------------------------------------------------------


Test Accuracy
---------------------------------------------------------------------
|Algo                            |70|140|210|280|350|420|490|560|630|700|
| One Step Taylor |60.286677908937605|81.53456998313659|85.49747048903879|89.46037099494097|88.87015177065767|89.7133220910624|90.893760539629|91.56829679595278|91.14671163575042|92.32715008431703|
| Fac Loc Reg One Step |60.286677908937605|81.53456998313659|84.90725126475549|88.61720067453625|89.29173693086004|89.62900505902192|91.2310286677909|92.83305227655987|93.25463743676222|92.15851602023609|
| Rand Reg One Step |60.286677908937605|81.45025295109612|83.55817875210792|85.49747048903879|86.6779089376054|86.50927487352445|87.60539629005059|90.72512647554807|92.24283305227657|92.58010118043845|
| Facility Location |55.833333333333336|68.33333333333333|74.0|79.5|79.16666666666667|78.16666666666667|78.83333333333333|77.66666666666667|72.5|77.16666666666667|
| FASS |60.286677908937605|70.82630691399663|79.00505902192243|81.70320404721754|79.84822934232714|81.61888701517707|82.20910623946037|85.07588532883642|86.17200674536257|85.32883642495784|
| Random |60.286677908937605|71.75379426644182|76.39123102866779|79.67959527824621|80.86003372681282|82.79932546374367|83.97976391231029|85.24451939291737|86.17200674536257|85.58178752107926|
| BADGE |44.60370994940978|77.57166947723441|84.14839797639124|86.42495784148397|88.36424957841484|90.21922428330522|90.64080944350759|90.47217537942664|92.15851602023609|92.66441821247892|
---------------------------------------------------------------------


Unlabeled data Accuracy
---------------------------------------------------------------------
|Algo                            |70|140|210|280|350|420|490|560|630|700|
| One Step Taylor |55.26315789473684|81.03174603174604|88.31932773109244|90.44642857142857|91.33333333333333|93.06122448979592|94.28571428571429|95.23809523809524|95.97402597402598|96.57142857142857|
| Fac Loc Reg One Step |55.26315789473684|81.03174603174604|87.47899159663865|89.01785714285714|91.52380952380952|92.75510204081633|94.50549450549451|96.30952380952381|96.23376623376623|97.42857142857143|
| Rand Reg One Step |55.26315789473684|80.87301587301587|84.87394957983193|87.67857142857143|89.9047619047619|91.42857142857143|92.74725274725274|95.71428571428571|96.62337662337663|97.0|
| Facility Location |55.26315789473684|65.15873015873017|68.82352941176471|73.48214285714286|72.38095238095238|72.85714285714286|72.96703296703296|73.21428571428571|74.02597402597402|75.57142857142857|
| FASS |55.26315789473684|67.60670731707317|76.19783616692426|79.54545454545455|78.85532591414945|81.04838709677419|82.65139116202946|84.38538205980066|85.83473861720067|85.1027397260274|
| Random |55.26315789473684|68.51704996034893|75.33557046979865|77.64915405164737|77.70398481973434|82.13197969543147|82.31441048034935|84.29752066115702|84.19023136246787|84.9083215796897|
| BADGE |41.35338345864662|77.53968253968254|86.1344537815126|89.46428571428571|91.42857142857143|94.28571428571429|94.83516483516483|94.88095238095238|97.01298701298701|98.28571428571429|
---------------------------------------------------------------------
