=======================================
letter_fraction:0.1_epochs:200_no of selection:10 2020-09-05 11:39:57.107270
letter :Budget =  0.1
Validation Accuracy
---------------------------------------------------------------------
|Algo                            |0|80|160|240|320|400|480|560|640|720|
| One Step Taylor |31.104801239029428|39.62312854930305|43.70160041300981|45.069695405265875|46.515229736706246|47.54775425916365|49.277232834279815|50.903458957150235|51.78110480123903|52.142488384099124|
| Fac Loc Reg One Step |31.104801239029428|39.98451213216314|42.56582343830666|44.734124935467214|47.10893133711926|48.01239029426949|49.58699019101704|50.516262261228704|51.36809499225607|51.98760970573051|
| Rand Reg One Step |31.104801239029428|39.90707279297883|43.572534847702634|45.22457408363449|46.67010841507486|48.11564274651523|49.251419721218376|50.49044914816727|51.54878678368611|52.245740836344865|
| Facility Location |31.104801239029428|38.40991223541559|42.51419721218379|44.37274135260712|45.40526587506453|45.79246257098606|46.15384615384615|46.747547754259166|47.16055756324213|47.599380485286524|
| FASS |31.104801239029428|37.687145069695404|40.88797108931337|42.07537429013939|42.64326277749097|43.727413526071246|44.01135776974703|44.24367578729995|44.34692823954569|45.069695405265875|
| Random |31.104801239029428|38.61641713990707|49.01910170366546|54.20753742901394|58.2085699535364|60.583376355188435|62.41610738255034|63.06143520908621|64.6618482188952|65.53949406298399|
| BADGE |39.75219411461022|47.2896231285493|50.92927207021167|51.57459989674755|55.265875064532786|56.0144553433144|57.12441920495612|57.872999483737736|58.44088797108931|58.93133711925658|
---------------------------------------------------------------------


Test Accuracy
---------------------------------------------------------------------
|Algo                            |0|80|160|240|320|400|480|560|640|720|
| One Step Taylor |31.80561953017043|39.083371718102256|43.02164900967296|45.4398894518655|47.12114233072317|47.78903730999539|49.65453707968678|51.1054813450023|52.14187010594196|52.9940119760479|
| Fac Loc Reg One Step |31.80561953017043|39.175495163519116|41.939198526024875|44.51865499769691|47.02901888530631|48.479963150621835|49.40119760479042|50.41455550437586|51.566098572086595|52.32611699677568|
| Rand Reg One Step |31.80561953017043|39.313680331644406|42.56103178258867|44.86411791801013|46.660525103638875|47.351450944265316|48.66421004145555|49.976969138645785|51.05941962229387|52.0497466605251|
| Facility Location |31.104801239029428|38.40991223541559|42.51419721218379|44.37274135260712|45.40526587506453|45.79246257098606|46.15384615384615|46.747547754259166|47.16055756324213|47.599380485286524|
| FASS |31.80561953017043|38.27729157070475|41.064025794564714|42.67618608935974|42.67618608935974|43.09074159373561|43.15983417779825|43.75863657300783|44.56471672040534|45.601105481345|
| Random |31.80561953017043|39.06034085674804|49.95393827729157|55.20497466605251|58.54444956241363|60.57116536158453|62.13726393367112|63.65730078304929|64.71672040534315|65.7070474435744|
| BADGE |41.38645785352372|47.88116075541225|51.15154306771073|52.556425610317824|56.10317825886688|57.09350529709811|57.69230769230769|58.72869645324735|58.98203592814371|59.25840626439429|
---------------------------------------------------------------------


Unlabeled data Accuracy
---------------------------------------------------------------------
|Algo                            |0|80|160|240|320|400|480|560|640|720|
| One Step Taylor |42.091901497842095|51.41061810720698|57.11324177247992|59.20398009950249|60.1084943106642|62.1957742711955|64.17950797512842|66.43891773708664|67.58773141751865|68.13355685945795|
| Fac Loc Reg One Step |42.091901497842095|51.91074634521672|55.54547810313553|58.28750981932443|60.82296903942842|62.06204867611661|63.90916463909165|65.59169171904892|66.74495717048909|67.74238614138028|
| Rand Reg One Step |42.091901497842095|51.974865350089765|56.62088623995854|59.04687090861482|60.703889917967714|62.463225461353304|63.77399297107326|64.85378518720962|66.09560652113844|66.96004470522492|
| Facility Location |42.091901497842095|50.8720184662734|55.66208862399586|57.56742602775596|58.719237893622655|59.42765445306232|60.01622060016221|60.180377152227386|60.583033987289305|61.28806929309863|
| FASS |42.091901497842095|50.987432675044886|54.19797875097176|55.26315789473684|55.60994972214872|55.161807970045466|55.59610705596107|55.99890680513801|56.507322464769274|57.250628667225484|
| Random |42.091901497842095|51.06410256410256|55.85340585340585|59.01360544217687|61.11551678561988|61.59188034188034|62.86099865047233|63.62520458265139|64.58505652054039|65.20345596432553|
| BADGE |50.2337055310309|57.99002886381527|62.71546009016176|64.29911551862772|66.52668653481442|67.50205423171734|68.81750207698698|70.05040604872585|70.90059473237044|71.41220280721856|
---------------------------------------------------------------------
