=======================================
svmguide1_fraction:0.2_epochs:200_no of selection:10 2020-09-05 11:33:22.368701
svmguide1 :Budget =  0.2
Validation Accuracy
---------------------------------------------------------------------
|Algo                            |0|56|112|168|224|280|336|392|448|504|
| One Step Taylor |91.91919191919192|93.43434343434343|92.92929292929293|93.43434343434343|93.93939393939394|94.44444444444444|95.45454545454545|94.44444444444444|94.44444444444444|94.94949494949495|
| Fac Loc Reg One Step |91.91919191919192|92.92929292929293|91.91919191919192|93.93939393939394|93.93939393939394|94.94949494949495|95.45454545454545|95.45454545454545|94.44444444444444|94.94949494949495|
| Rand Reg One Step |91.91919191919192|93.43434343434343|91.91919191919192|93.93939393939394|94.44444444444444|94.44444444444444|95.45454545454545|95.45454545454545|94.44444444444444|94.44444444444444|
| Facility Location |91.91919191919192|93.43434343434343|93.43434343434343|93.43434343434343|93.43434343434343|93.43434343434343|93.43434343434343|93.43434343434343|93.43434343434343|93.43434343434343|
| FASS |91.91919191919192|93.43434343434343|92.92929292929293|93.93939393939394|95.45454545454545|95.45454545454545|95.45454545454545|95.45454545454545|95.45454545454545|95.45454545454545|
| Random |91.91919191919192|92.92929292929293|92.92929292929293|92.92929292929293|92.92929292929293|92.92929292929293|92.92929292929293|92.92929292929293|92.92929292929293|93.43434343434343|
| BADGE |92.92929292929293|92.92929292929293|93.43434343434343|94.44444444444444|95.95959595959596|95.95959595959596|95.45454545454545|95.45454545454545|95.45454545454545|95.45454545454545|
---------------------------------------------------------------------


Test Accuracy
---------------------------------------------------------------------
|Algo                            |0|56|112|168|224|280|336|392|448|504|
| One Step Taylor |91.0|93.4|93.55|94.05|94.5|94.8|95.075|95.225|95.35|95.375|
| Fac Loc Reg One Step |91.0|93.225|93.25|94.25|94.3|94.55|95.075|95.05|95.3|95.375|
| Rand Reg One Step |91.0|93.45|92.825|94.4|94.4|94.575|94.975|95.175|95.2|95.25|
| Facility Location |91.91919191919192|93.43434343434343|93.43434343434343|93.43434343434343|93.43434343434343|93.43434343434343|93.43434343434343|93.43434343434343|93.43434343434343|93.43434343434343|
| FASS |91.0|93.95|94.5|94.525|94.85|94.95|94.925|95.15|95.2|95.175|
| Random |91.0|92.325|92.95|93.35|93.875|94.0|94.15|94.275|94.2|94.275|
| BADGE |93.05|93.975|94.175|94.525|95.025|95.15|95.1|95.25|95.175|95.275|
---------------------------------------------------------------------


Unlabeled data Accuracy
---------------------------------------------------------------------
|Algo                            |0|56|112|168|224|280|336|392|448|504|
| One Step Taylor |90.41850220264317|92.35382308845577|92.61102603369066|93.77934272300469|94.6|95.29459901800327|95.85427135678393|96.78387650085763|97.10017574692444|97.29729729729729|
| Fac Loc Reg One Step |90.41850220264317|91.75412293853073|92.45788667687596|94.17057902973396|94.48|95.25368248772504|95.89614740368509|96.91252144082333|97.49560632688927|97.97297297297297|
| Rand Reg One Step |90.41850220264317|92.39415511427501|92.11935730680949|94.17741305197343|94.4888178913738|94.9367088607595|95.65580618212198|96.53698161607525|96.84763572679509|96.94930462090623|
| Facility Location |90.41850220264317|91.904047976012|92.49617151607963|92.72300469483568|93.08|93.28968903436989|93.42546063651591|93.39622641509433|93.23374340949033|93.42342342342343|
| FASS |90.41850220264317|93.85307346326836|94.44869831546707|94.79655712050078|95.44|95.74468085106383|96.14740368509213|96.39794168096054|96.66080843585237|96.89189189189189|
| Random |90.41850220264317|90.85457271364318|91.27105666156203|92.13615023474179|92.76|93.00327332242226|93.25795644891122|93.35334476843911|93.49736379613357|93.51351351351352|
| BADGE |91.56671664167916|93.07044410413476|93.89671361502347|94.52|95.37643207855974|96.1892797319933|96.26929674099486|96.61687170474517|97.11711711711712|97.2735674676525|
---------------------------------------------------------------------
