=======================================
dna_fraction:0.1_epochs:200_no of selection:10 2020-09-12 20:01:11.408165
dna :Budget =  0.1
Validation Accuracy
---------------------------------------------------------------------
|Algo                            |14|28|42|56|70|84|98|112|126|140|
| One Step Taylor |48.833333333333336|74.33333333333333|80.5|82.5|83.83333333333333|86.16666666666667|87.66666666666667|88.5|88.66666666666667|90.0|
| Fac Loc Reg One Step |48.833333333333336|74.66666666666667|75.66666666666667|80.16666666666667|82.16666666666667|83.33333333333333|84.66666666666667|87.16666666666667|87.66666666666667|87.66666666666667|
| Rand Reg One Step |48.833333333333336|73.16666666666667|78.0|80.5|82.16666666666667|83.83333333333333|84.33333333333333|86.0|85.0|86.0|
| Facility Location |48.833333333333336|68.33333333333333|67.33333333333333|71.16666666666667|73.0|74.16666666666667|75.0|76.83333333333333|78.0|78.66666666666667|
| FASS |48.833333333333336|71.83333333333333|78.16666666666667|80.0|84.0|84.16666666666667|85.0|86.5|87.83333333333333|88.5|
| Random |48.833333333333336|73.0|74.0|75.5|77.16666666666667|79.66666666666667|79.33333333333333|80.33333333333333|80.66666666666667|82.0|
| BADGE |48.833333333333336|64.16666666666667|70.33333333333333|78.16666666666667|81.5|81.33333333333333|80.5|83.0|85.33333333333333|88.33333333333333|
---------------------------------------------------------------------


Test Accuracy
---------------------------------------------------------------------
|Algo                            |14|28|42|56|70|84|98|112|126|140|
| One Step Taylor |50.92748735244519|73.52445193929174|78.75210792580101|79.76391231028668|82.88364249578414|84.99156829679595|85.1602023608769|85.49747048903879|86.25632377740304|85.49747048903879|
| Fac Loc Reg One Step |50.92748735244519|74.45193929173693|78.33052276559864|80.77571669477234|81.87183811129849|81.28161888701517|83.55817875210792|84.90725126475549|86.00337268128162|86.6779089376054|
| Rand Reg One Step |50.92748735244519|72.51264755480607|75.54806070826307|79.51096121416526|80.86003372681282|81.78752107925801|82.04047217537942|83.55817875210792|84.82293423271501|85.91905564924114|
| Facility Location |50.92748735244519|68.54974704890388|73.44013490725126|73.86172006745363|74.03035413153457|75.12647554806071|76.05396290050591|77.48735244519393|77.82462057335582|79.0893760539629|
| FASS |50.92748735244519|73.18718381112984|77.99325463743676|80.52276559865092|82.37774030354132|83.47386172006745|84.82293423271501|85.83473861720067|87.35244519392917|87.52107925801012|
| Random |50.92748735244519|72.34401349072513|76.81281618887016|78.83642495784149|80.35413153456999|81.36593591905564|82.29342327150084|82.46205733558179|82.46205733558179|84.56998313659359|
| BADGE |50.92748735244519|62.98482293423272|68.63406408094436|77.31871838111299|80.52276559865092|82.54637436762226|82.54637436762226|83.97976391231029|84.90725126475549|86.17200674536257|
---------------------------------------------------------------------


Unlabeled data Accuracy
---------------------------------------------------------------------
|Algo                            |14|28|42|56|70|84|98|112|126|140|
| One Step Taylor |49.63924963924964|71.20991253644316|77.54050073637703|80.05952380952381|81.12781954887218|84.19452887537994|84.33179723502305|86.56832298136646|87.44113029827315|87.93650793650794|
| Fac Loc Reg One Step |49.63924963924964|72.08454810495627|77.68777614138439|81.17559523809524|83.0827067669173|83.66261398176292|84.48540706605223|86.33540372670808|86.9701726844584|88.80952380952381|
| Rand Reg One Step |49.63924963924964|70.64821558630736|75.44117647058823|80.32665181885672|80.13493253373314|81.8319454958365|82.79816513761467|84.47876447876448|84.55538221528862|87.47044917257683|
| Facility Location |49.63924963924964|66.98250728862973|70.10309278350516|70.53571428571429|71.72932330827068|72.79635258358662|73.42549923195085|74.30124223602485|74.64678178963894|75.31746031746032|
| FASS |49.63924963924964|70.84548104956268|77.31958762886597|80.2827380952381|83.00751879699249|85.33434650455926|86.55913978494624|87.4223602484472|89.40345368916797|89.12698412698413|
| Random |49.63924963924964|70.08733624454149|73.49486049926578|76.88888888888889|76.83109118086696|79.86425339366515|81.27853881278538|80.49155145929339|80.46511627906976|82.31611893583725|
| BADGE |49.63924963924964|63.629737609329446|69.36671575846833|77.67857142857143|81.12781954887218|83.58662613981762|83.94777265745007|85.01552795031056|85.94976452119309|87.46031746031746|
---------------------------------------------------------------------
