=======================================
mnist_fraction:0.2_epochs:200_no of selection:10 2020-09-09 06:07:41.749615
mnist :Budget =  0.2
Validation Accuracy
---------------------------------------------------------------------
|Algo                            |1080|2160|3240|4320|5400|6480|7560|8640|9720|10800|
| One Step Taylor |89.83333333333333|81.13333333333334|83.65|88.28333333333333|87.25|91.75|84.35|88.15|91.38333333333334|90.46666666666667|
| Fac Loc Reg One Step |89.83333333333333|83.06666666666666|87.96666666666667|88.33333333333333|90.35|91.61666666666666|90.05|91.2|89.1|88.45|
| Rand Reg One Step |89.83333333333333|85.6|87.31666666666666|89.63333333333334|88.71666666666667|91.63333333333334|90.96666666666667|90.63333333333334|91.46666666666667|91.48333333333333|
| Facility Location |89.83333333333333|90.35|90.65|90.4|90.75|91.36666666666666|91.58333333333333|91.98333333333333|91.93333333333334|92.81666666666666|
| FASS |89.83333333333333|92.0|94.28333333333333|94.15|94.25|94.75|94.48333333333333|94.61666666666666|95.0|94.26666666666667|
| Random |89.83333333333333|87.46666666666667|88.66666666666667|89.9|89.51666666666667|89.9|90.76666666666667|90.93333333333334|91.33333333333333|90.75|
| BADGE |89.85|92.9|94.06666666666666|95.7|92.01666666666667|95.55|96.4|96.71666666666667|96.35|96.7|
---------------------------------------------------------------------


Test Accuracy
---------------------------------------------------------------------
|Algo                            |1080|2160|3240|4320|5400|6480|7560|8640|9720|10800|
| One Step Taylor |89.81|82.5|84.17|88.29|87.44|91.74|84.29|88.1|91.48|90.01|
| Fac Loc Reg One Step |89.81|83.43|88.3|88.0|90.8|91.45|89.83|90.96|88.76|88.53|
| Rand Reg One Step |89.81|85.0|87.45|90.09|89.0|91.34|91.2|90.49|91.51|90.39|
| Facility Location |89.83333333333333|90.35|90.65|90.4|90.75|91.36666666666666|91.58333333333333|91.98333333333333|91.93333333333334|92.81666666666666|
| FASS |89.81|91.12|93.41|93.49|93.33|93.98|93.67|93.9|94.25|93.45|
| Random |89.81|88.93|89.35|89.69|89.56|90.59|91.04|90.92|91.52|91.32|
| BADGE |90.16|92.33|94.38|95.52|92.59|95.78|96.28|96.32|95.84|96.5|
---------------------------------------------------------------------


Unlabeled data Accuracy
---------------------------------------------------------------------
|Algo                            |1080|2160|3240|4320|5400|6480|7560|8640|9720|10800|
| One Step Taylor |89.18745275888134|81.51620370370371|84.97241922773837|89.14049919484702|88.60905349794238|92.68728956228956|86.7355727820844|90.39241622574956|93.94083107497741|93.81944444444444|
| Fac Loc Reg One Step |89.18745275888134|83.24652777777777|88.73916469661151|89.25322061191626|91.72222222222223|92.86405723905725|92.51722652885444|93.5626102292769|91.91508581752484|92.50694444444444|
| Rand Reg One Step |89.18745275888134|85.67901234567901|88.05949566587864|90.5475040257649|89.86008230452676|93.0050505050505|92.72179155900086|92.8637566137566|93.89114724480578|93.91898148148148|
| Facility Location |89.18745275888134|89.69907407407408|89.77344365642237|89.7584541062802|89.59053497942386|90.01473063973064|90.01722652885444|90.40123456790124|90.22357723577235|90.52546296296296|
| FASS |89.18745275888134|91.15162037037037|93.39637509850276|93.93115942028986|93.80041152263375|94.51178451178451|94.70499569336779|94.8941798941799|95.0609756097561|94.44212962962963|
| Random |89.18745275888134|87.76041666666667|88.3096926713948|89.27938808373591|89.3559670781893|89.91582491582491|90.42204995693368|90.26455026455027|90.58039747064137|90.31018518518519|
| BADGE |89.26492819349963|92.71604938271605|94.67100078802207|96.43921095008052|93.78600823045268|97.18223905723906|97.78208440999138|98.27276314059007|98.35004925226113|99.08002202441038|
---------------------------------------------------------------------
