=======================================
satimage_fraction:0.3_epochs:200_no of selection:10 2020-09-08 20:31:27.567928
satimage :Budget =  0.3
Validation Accuracy
---------------------------------------------------------------------
|Algo                            |94|188|282|376|470|564|658|752|846|940|
| One Step Taylor |79.26371149511645|74.15477084898572|78.51239669421487|78.21187077385424|83.02028549962434|83.84673178061608|79.93989481592787|80.16528925619835|82.11870773854245|82.5694966190834|
| Fac Loc Reg One Step |79.26371149511645|78.13673929376408|80.91660405709993|77.16003005259203|66.49135987978963|71.97595792637115|77.61081893313299|78.58752817430504|77.53568745304283|79.56423741547708|
| Rand Reg One Step |79.26371149511645|78.66265965439518|71.07438016528926|75.50713749060857|81.96844477836214|81.29226145755071|81.89331329827198|82.34410217881292|81.59278737791135|76.93463561232156|
| Facility Location |79.26371149511645|79.41397445529677|77.2351615326822|78.28700225394441|83.24567993989481|80.84147257700977|83.17054845980466|77.7610818933133|84.89857250187829|83.54620586025544|
| FASS |79.26371149511645|82.71975957926371|83.0954169797145|82.04357625845229|82.71975957926371|82.41923365890308|82.71975957926371|83.0954169797145|84.82344102178813|84.97370398196844|
| Random |79.26371149511645|75.8076634109692|78.51239669421487|79.11344853493614|79.18858001502629|74.15477084898572|78.13673929376408|79.18858001502629|81.36739293764087|80.16528925619835|
| BADGE |82.79489105935387|85.0488354620586|85.19909842223892|86.32607062359128|86.85199098422238|87.07738542449286|86.40120210368144|87.15251690458302|87.52817430503382|87.30277986476334|
---------------------------------------------------------------------


Test Accuracy
---------------------------------------------------------------------
|Algo                            |94|188|282|376|470|564|658|752|846|940|
| One Step Taylor |82.75|74.6|77.25|81.0|82.7|83.65|80.55|79.4|83.0|84.95|
| Fac Loc Reg One Step |82.75|78.6|80.2|81.2|66.9|70.15|76.5|76.6|75.6|78.2|
| Rand Reg One Step |82.75|79.2|69.3|72.5|82.45|82.1|84.0|85.65|83.65|76.0|
| Facility Location |79.26371149511645|79.41397445529677|77.2351615326822|78.28700225394441|83.24567993989481|80.84147257700977|83.17054845980466|77.7610818933133|84.89857250187829|83.54620586025544|
| FASS |82.75|82.35|80.9|78.9|79.85|81.45|82.4|82.35|82.5|83.4|
| Random |82.75|74.8|81.7|82.1|78.85|74.35|77.9|76.7|82.15|76.75|
| BADGE |81.8|84.1|84.95|87.05|86.8|87.35|87.95|88.4|88.6|89.5|
---------------------------------------------------------------------


Unlabeled data Accuracy
---------------------------------------------------------------------
|Algo                            |94|188|282|376|470|564|658|752|846|940|
| One Step Taylor |84.98338870431894|75.58299039780522|79.69525159461375|84.3475073313783|84.58618071374336|86.41732283464567|87.4897792313982|83.92857142857143|87.0682019486271|91.40480591497227|
| Fac Loc Reg One Step |84.98338870431894|80.31550068587106|82.74273564847626|85.96041055718474|70.9946848899013|70.03937007874016|77.80049059689289|78.40136054421768|78.43224092116918|82.62476894639556|
| Rand Reg One Step |84.98338870431894|81.21357559136099|69.65297450424929|75.43024533138045|85.97422289613344|87.19056974459725|87.96900489396411|89.61424332344214|89.84995586937335|80.67188219052002|
| Facility Location |84.98338870431894|82.37311385459533|82.81360737065911|82.69794721407625|85.6492027334852|84.44881889763779|85.89533932951758|82.65306122448979|86.09388839681134|86.55268022181146|
| FASS |84.98338870431894|84.97495826377296|82.98657718120805|79.89881956155143|79.66101694915254|81.26064735945485|82.67123287671232|82.89156626506023|83.11418685121107|83.3391304347826|
| Random |84.98338870431894|73.5958904109589|81.51943462897526|84.8905109489051|81.13207547169812|75.9375|80.60728744939271|77.85714285714286|84.5414847161572|77.95454545454545|
| BADGE |84.08637873754152|86.41975308641975|88.69596031183558|90.5791788856305|91.45785876993166|91.96850393700787|93.62224039247751|94.64285714285714|95.12843224092117|96.11829944547135|
---------------------------------------------------------------------
