=======================================
dna_fraction:0.3_epochs:200_no of selection:10 2020-09-09 22:40:18.761604
dna :Budget =  0.3
Validation Accuracy
---------------------------------------------------------------------
|Algo                            |42|84|126|168|210|252|294|336|378|420|
| One Step Taylor |53.333333333333336|81.83333333333333|88.0|89.83333333333333|91.83333333333333|92.66666666666667|93.0|94.33333333333333|95.33333333333333|94.66666666666667|
| Fac Loc Reg One Step |53.333333333333336|81.33333333333333|88.5|92.0|93.83333333333333|93.5|94.5|93.33333333333333|93.83333333333333|95.16666666666667|
| Rand Reg One Step |53.333333333333336|80.5|87.5|91.0|92.16666666666667|93.16666666666667|95.83333333333333|95.16666666666667|95.0|94.5|
| Facility Location |53.333333333333336|77.16666666666667|86.33333333333333|86.5|87.16666666666667|87.5|88.33333333333333|87.66666666666667|87.0|87.66666666666667|
| FASS |53.333333333333336|81.66666666666667|88.66666666666667|93.0|94.33333333333333|94.16666666666667|95.33333333333333|95.66666666666667|95.5|94.5|
| Random |53.333333333333336|81.33333333333333|86.66666666666667|86.83333333333333|88.0|90.0|89.83333333333333|91.83333333333333|92.83333333333333|92.83333333333333|
| BADGE |41.5|65.83333333333333|79.83333333333333|82.5|81.66666666666667|84.33333333333333|85.83333333333333|87.83333333333333|90.66666666666667|90.16666666666667|
---------------------------------------------------------------------


Test Accuracy
---------------------------------------------------------------------
|Algo                            |42|84|126|168|210|252|294|336|378|420|
| One Step Taylor |54.974704890387855|82.88364249578414|85.83473861720067|87.77403035413154|88.70151770657672|90.64080944350759|91.65261382799325|92.24283305227657|92.91736930860034|92.66441821247892|
| Fac Loc Reg One Step |54.974704890387855|80.94435075885329|87.18381112984822|89.3760539629005|89.62900505902192|90.13490725126475|92.58010118043845|92.83305227655987|92.4114671163575|93.50758853288364|
| Rand Reg One Step |54.974704890387855|81.28161888701517|88.44856661045532|89.79763912310287|88.44856661045532|90.3035413153457|90.72512647554807|91.98988195615514|93.17032040472175|92.91736930860034|
| Facility Location |53.333333333333336|77.16666666666667|86.33333333333333|86.5|87.16666666666667|87.5|88.33333333333333|87.66666666666667|87.0|87.66666666666667|
| FASS |54.974704890387855|81.19730185497471|87.60539629005059|90.72512647554807|91.73693086003372|90.72512647554807|91.31534569983137|91.65261382799325|92.15851602023609|92.07419898819562|
| Random |54.974704890387855|81.19730185497471|85.58178752107926|86.34064080944351|87.85834738617201|88.95446880269814|89.03878583473862|89.3760539629005|89.96627318718382|90.3035413153457|
| BADGE |41.989881956155145|66.61045531197301|79.00505902192243|80.35413153456999|82.54637436762226|83.81112984822934|85.66610455311972|87.18381112984822|89.79763912310287|90.13490725126475|
---------------------------------------------------------------------


Unlabeled data Accuracy
---------------------------------------------------------------------
|Algo                            |42|84|126|168|210|252|294|336|378|420|
| One Step Taylor |52.94550810014727|82.82674772036474|89.1679748822606|91.88311688311688|93.4453781512605|94.51219512195122|95.47920433996383|96.33458646616542|97.4559686888454|97.65306122448979|
| Fac Loc Reg One Step |52.94550810014727|82.29483282674772|90.50235478806907|91.23376623376623|92.85714285714286|94.1637630662021|95.47920433996383|97.18045112781955|98.04305283757338|98.46938775510205|
| Rand Reg One Step |52.94550810014727|82.00455580865604|88.16614420062696|91.49797570850203|93.1323283082077|93.40849956634865|95.4136690647482|96.171802054155|96.69902912621359|97.06774519716886|
| Facility Location |52.94550810014727|74.54407294832826|85.63579277864991|84.90259740259741|85.54621848739495|88.15331010452962|87.43218806509945|88.7218045112782|88.06262230919765|88.06122448979592|
| FASS |52.94550810014727|79.48328267477204|88.54003139717426|92.53246753246754|93.61344537815125|94.07665505226481|94.5750452079566|95.30075187969925|96.08610567514677|96.42857142857143|
| Random |52.94550810014727|81.38297872340425|87.9905808477237|88.96103896103897|88.99159663865547|90.2439024390244|90.14466546112116|91.35338345864662|91.58512720156556|92.95918367346938|
| BADGE |40.35346097201767|67.32522796352583|81.00470957613815|82.5487012987013|83.94957983193277|85.19163763066202|88.15551537070525|89.19172932330827|91.48727984344423|91.53061224489795|
---------------------------------------------------------------------
