=======================================
dna_fraction:0.3_epochs:200_no of selection:10 2020-09-12 20:05:14.546792
dna :Budget =  0.3
Validation Accuracy
---------------------------------------------------------------------
|Algo                            |42|84|126|168|210|252|294|336|378|420|
| One Step Taylor |56.333333333333336|81.83333333333333|88.33333333333333|91.5|92.0|93.16666666666667|93.66666666666667|94.66666666666667|94.66666666666667|94.83333333333333|
| Fac Loc Reg One Step |56.333333333333336|83.5|88.16666666666667|88.83333333333333|91.83333333333333|93.5|94.83333333333333|95.16666666666667|94.33333333333333|94.83333333333333|
| Rand Reg One Step |56.333333333333336|81.83333333333333|88.5|89.83333333333333|92.0|93.16666666666667|92.83333333333333|93.66666666666667|95.16666666666667|95.5|
| Facility Location |56.333333333333336|78.16666666666667|86.0|85.5|86.33333333333333|88.0|88.0|86.66666666666667|87.5|88.33333333333333|
| FASS |56.333333333333336|83.33333333333333|88.83333333333333|92.5|93.66666666666667|93.83333333333333|94.16666666666667|95.83333333333333|95.33333333333333|94.66666666666667|
| Random |56.333333333333336|82.16666666666667|86.0|87.16666666666667|87.5|89.83333333333333|88.66666666666667|90.5|91.33333333333333|91.83333333333333|
| BADGE |56.333333333333336|77.5|85.0|86.0|88.66666666666667|91.0|92.16666666666667|93.5|93.83333333333333|95.0|
---------------------------------------------------------------------


Test Accuracy
---------------------------------------------------------------------
|Algo                            |42|84|126|168|210|252|294|336|378|420|
| One Step Taylor |59.27487352445194|81.78752107925801|87.68971332209107|89.12310286677909|90.72512647554807|89.88195615514334|91.06239460370995|92.66441821247892|92.66441821247892|92.58010118043845|
| Fac Loc Reg One Step |59.27487352445194|82.29342327150084|87.18381112984822|89.7133220910624|91.31534569983137|91.56829679595278|92.24283305227657|93.25463743676222|93.08600337268128|93.59190556492412|
| Rand Reg One Step |59.27487352445194|81.87183811129849|88.02698145025295|88.27993254637437|90.47217537942664|90.97807757166947|91.90556492411467|92.32715008431703|94.01349072512647|94.09780775716695|
| Facility Location |59.27487352445194|76.89713322091062|84.31703204047217|84.90725126475549|86.50927487352445|87.85834738617201|87.85834738617201|88.27993254637437|87.68971332209107|88.27993254637437|
| FASS |59.27487352445194|82.37774030354132|88.02698145025295|88.70151770657672|89.88195615514334|90.21922428330522|90.64080944350759|91.39966273187184|92.4114671163575|92.49578414839797|
| Random |59.27487352445194|81.53456998313659|85.83473861720067|87.09949409780776|88.11129848229342|89.46037099494097|88.70151770657672|89.29173693086004|89.54468802698145|90.05059021922429|
| BADGE |59.27487352445194|81.95615514333896|86.59359190556492|87.60539629005059|89.96627318718382|91.31534569983137|91.90556492411467|92.4114671163575|93.3389544688027|93.17032040472175|
---------------------------------------------------------------------


Unlabeled data Accuracy
---------------------------------------------------------------------
|Algo                            |42|84|126|168|210|252|294|336|378|420|
| One Step Taylor |56.84830633284241|82.14285714285714|88.61852433281005|91.23376623376623|93.4453781512605|94.33797909407666|95.93128390596745|96.2406015037594|96.86888454011742|97.65306122448979|
| Fac Loc Reg One Step |56.84830633284241|83.66261398176292|89.01098901098901|90.58441558441558|92.94117647058823|93.20557491289199|94.9367088607595|95.48872180451127|96.86888454011742|97.34693877551021|
| Rand Reg One Step |56.84830633284241|82.91571753986332|89.57680250783699|91.82186234817814|92.79731993299832|93.84215091066783|95.50359712230215|96.07843137254902|96.89320388349515|97.67441860465117|
| Facility Location |56.84830633284241|74.3161094224924|83.90894819466249|83.19805194805195|85.29411764705883|86.7595818815331|86.88969258589512|86.74812030075188|86.59491193737769|87.75510204081633|
| FASS |56.84830633284241|82.29483282674772|89.32496075353218|91.72077922077922|92.94117647058823|93.20557491289199|93.94213381555154|94.73684210526316|95.10763209393346|96.22448979591837|
| Random |56.84830633284241|80.85106382978724|86.9701726844584|88.7987012987013|88.4873949579832|89.54703832752614|89.78300180831826|90.13157894736842|90.70450097847358|91.93877551020408|
| BADGE |56.70103092783505|80.92705167173253|86.73469387755102|88.31168831168831|91.59663865546219|93.20557491289199|94.30379746835443|96.33458646616542|96.57534246575342|97.55102040816327|
---------------------------------------------------------------------
