=======================================
ijcnn1_fraction:0.3_epochs:200_no of selection:10 2020-09-09 11:38:51.526140
ijcnn1 :Budget =  0.3
Validation Accuracy
---------------------------------------------------------------------
|Algo                            |1050|2100|3150|4200|5250|6300|7350|8400|9450|10500|
| One Step Taylor |92.12808539026017|89.27284856571048|93.86257505003336|93.57571714476317|95.48365577051368|96.40426951300867|94.72981987991994|96.28418945963976|92.7484989993329|94.19613075383589|
| Fac Loc Reg One Step |92.12808539026017|89.27284856571048|93.21547698465643|94.6697798532355|88.35890593729152|94.01601067378252|95.15677118078719|93.98932621747832|91.41427618412276|92.22815210140094|
| Rand Reg One Step |92.12808539026017|93.64242828552368|94.85657104736491|94.60973982655103|94.70313542361575|94.74316210807204|95.02334889926618|95.49699799866578|95.3168779186124|94.60973982655103|
| Facility Location |92.12808539026017|93.14876584389593|93.2621747831888|93.3822548365577|93.26884589726484|94.06270847231488|94.869913275517|95.02334889926618|94.44296197464976|94.48298865910607|
| FASS |92.12808539026017|97.238158772515|96.91794529686457|96.53769179452969|94.77651767845231|94.98332221480987|92.72848565710474|92.9486324216144|92.8819212808539|93.04202801867912|
| Random |92.12808539026017|87.73849232821881|91.68112074716478|90.44029352901934|87.20480320213476|91.61440960640427|91.72114743162108|91.96797865243495|92.99533022014677|92.66844563042028|
| BADGE |90.76050700466978|92.54836557705137|93.44229486324217|94.55637091394263|94.96330887258172|95.37691794529687|96.26417611741161|95.96397598398933|96.35757171447632|96.35757171447632|
---------------------------------------------------------------------


Test Accuracy
---------------------------------------------------------------------
|Algo                            |1050|2100|3150|4200|5250|6300|7350|8400|9450|10500|
| One Step Taylor |93.08731638695325|89.12879903163542|94.38719316037994|94.59220728236333|94.22798006564814|95.99350061613286|94.95752499972737|95.02949804255134|91.719828573298|90.93793960807406|
| Fac Loc Reg One Step |93.08731638695325|89.12879903163542|94.37519765324261|96.2355917601771|90.73074448479296|95.85609753437804|96.13635620113195|94.67617583232462|90.62278492055702|92.79070021046662|
| Rand Reg One Step |93.08731638695325|95.16253912171078|95.70233694289048|94.75905388163706|96.59218547235035|96.89861615467662|96.36536133739|96.03275863949139|95.92370857460661|95.2792226911375|
| Facility Location |92.12808539026017|93.14876584389593|93.2621747831888|93.3822548365577|93.26884589726484|94.06270847231488|94.869913275517|95.02334889926618|94.44296197464976|94.48298865910607|
| FASS |93.08731638695325|97.0076662195614|97.2650243726895|96.87898714299735|95.15054361457345|95.75468097403518|93.53987415622512|94.02732794626013|94.68926184011079|95.13854810743612|
| Random |93.08731638695325|91.5606154785662|91.92157119333486|92.15820983413485|91.13422972486669|91.66639404150446|91.83215014012933|94.64673231480573|93.87574835607028|93.46353911080577|
| BADGE |90.67076694910634|91.89648967841136|92.99026182920579|94.14183051438916|95.68270793121123|96.19088123357433|96.79938059563145|96.63362449700658|96.93787417803513|96.62380999116695|
---------------------------------------------------------------------


Unlabeled data Accuracy
---------------------------------------------------------------------
|Algo                            |1050|2100|3150|4200|5250|6300|7350|8400|9450|10500|
| One Step Taylor |94.76877761413844|87.75379939209726|96.58084772370486|97.99025974025975|97.11932773109244|98.61672473867596|97.91681735985533|98.77443609022556|98.70841487279843|99.29387755102042|
| Fac Loc Reg One Step |94.76877761413844|87.75379939209726|96.38304552590267|98.24675324675324|95.95294117647059|98.73519163763066|99.19349005424955|99.39097744360902|99.13111545988258|99.62448979591836|
| Rand Reg One Step |94.76877761413844|95.82674772036474|97.0298273155416|95.5909090909091|98.35966386554622|98.62717770034843|98.48101265822785|98.16165413533835|98.43052837573386|99.3061224489796|
| Facility Location |94.76877761413844|95.04863221884499|95.46310832025118|95.67207792207792|95.18991596638655|95.17073170731707|95.98553345388788|95.62781954887218|95.44422700587084|95.57551020408164|
| FASS |94.76877761413844|96.73860182370821|97.57299843014128|98.13311688311688|98.10084033613445|98.37630662020906|98.67631103074142|99.02631578947368|99.24853228962817|99.31020408163265|
| Random |94.76877761413844|92.8966565349544|92.49607535321822|93.03896103896103|92.97142857142858|91.83275261324042|92.64737793851718|96.98496240601504|99.78473581213308|99.93877551020408|
| BADGE |90.3181148748159|92.9209726443769|95.26844583987442|96.75324675324676|97.91932773109244|98.67595818815332|99.27667269439421|99.59774436090225|99.74951076320939|99.86530612244898|
---------------------------------------------------------------------
