=======================================
usps_fraction:0.1_epochs:200_no of selection:10 2020-09-12 19:51:20.980990
usps :Budget =  0.1
Validation Accuracy
---------------------------------------------------------------------
|Algo                            |66|132|198|264|330|396|462|528|594|660|
| One Step Taylor |87.53424657534246|92.1917808219178|92.1917808219178|92.46575342465754|94.24657534246575|94.79452054794521|94.38356164383562|94.24657534246575|95.47945205479452|94.38356164383562|
| Fac Loc Reg One Step |87.53424657534246|90.68493150684931|91.91780821917808|91.64383561643835|92.73972602739725|94.38356164383562|94.38356164383562|94.65753424657534|94.93150684931507|94.79452054794521|
| Rand Reg One Step |87.53424657534246|89.45205479452055|91.36986301369863|93.83561643835617|94.65753424657534|94.24657534246575|94.24657534246575|94.24657534246575|95.75342465753425|95.89041095890411|
| Facility Location |87.53424657534246|90.27397260273973|90.27397260273973|91.91780821917808|92.05479452054794|92.6027397260274|92.87671232876713|91.91780821917808|93.28767123287672|92.87671232876713|
| FASS |87.53424657534246|94.38356164383562|94.38356164383562|95.61643835616438|95.75342465753425|95.06849315068493|95.89041095890411|96.3013698630137|96.57534246575342|96.43835616438356|
| Random |87.53424657534246|91.23287671232876|92.05479452054794|92.32876712328768|92.1917808219178|93.15068493150685|93.28767123287672|91.36986301369863|93.6986301369863|92.32876712328768|
| BADGE |87.53424657534246|91.36986301369863|93.28767123287672|94.38356164383562|94.93150684931507|95.47945205479452|96.16438356164383|96.43835616438356|97.26027397260275|97.26027397260275|
---------------------------------------------------------------------


Test Accuracy
---------------------------------------------------------------------
|Algo                            |66|132|198|264|330|396|462|528|594|660|
| One Step Taylor |82.6108619830593|87.045341305431|86.59691081215745|86.44743398106627|88.09167912306926|89.93522670652716|88.73941205779771|89.73592426507224|90.18435475834579|89.13801694070753|
| Fac Loc Reg One Step |82.6108619830593|84.75336322869956|86.49725959143|86.99551569506727|87.74289985052317|88.63976083707026|89.63627304434479|90.9317389138017|90.33383158943697|89.08819133034379|
| Rand Reg One Step |82.6108619830593|85.25161933233682|85.10214250124564|87.045341305431|88.83906327852516|89.18784255107126|89.08819133034379|88.34080717488789|91.08121574489287|90.83208769307424|
| Facility Location |82.6108619830593|86.54708520179372|86.79621325361235|87.14499252615845|87.14499252615845|87.59342301943198|87.89237668161435|87.09516691579472|86.84603886397609|87.045341305431|
| FASS |82.6108619830593|87.64324862979572|89.03836571998006|88.93871449925261|90.08470353761834|90.98156452416542|90.18435475834579|91.23069257598405|91.28051818634778|91.08121574489287|
| Random |82.6108619830593|85.79970104633782|86.6965620328849|86.74638764324862|86.74638764324862|88.09167912306926|87.34429496761335|86.84603886397609|87.84255107125063|87.7927254608869|
| BADGE |82.66068759342302|86.44743398106627|88.78923766816143|89.98505231689089|91.23069257598405|91.8784255107125|91.77877428998505|92.17737917289487|92.87493771798705|93.27354260089686|
---------------------------------------------------------------------


Unlabeled data Accuracy
---------------------------------------------------------------------
|Algo                            |66|132|198|264|330|396|462|528|594|660|
| One Step Taylor |86.9899923017706|90.52729818012132|91.13625648279114|91.3133238049865|92.376825549671|93.93349553933496|93.29398262010166|94.41405602519477|95.5924250041897|94.93306219284867|
| Fac Loc Reg One Step |86.9899923017706|88.9251827655934|90.91623448059092|90.94807050976655|92.71385010431712|93.09002433090025|94.44171175602558|94.9113210674623|95.25724819842466|95.051686154889|
| Rand Reg One Step |86.9899923017706|89.22239502332815|89.96072270227808|92.36507936507937|93.19967923015237|93.48460291734197|94.05405405405405|93.41059602649007|95.2133891213389|95.66835871404399|
| Facility Location |86.9899923017706|89.5473635090994|90.00471475719|91.09099571224392|91.15711763761836|91.50040551500406|91.31005082800459|90.6845682081883|90.86643204290263|90.71343840027114|
| FASS |86.9899923017706|91.94275937159745|92.56639949709256|93.64776877878354|94.04589953458513|94.69586374695864|95.6550254140023|96.0384551632687|96.48064353946707|96.6785290628707|
| Random |86.9899923017706|89.4949494949495|90.50980392156863|91.13222486144102|90.343725019984|91.67070217917676|91.58924205378973|90.94650205761317|91.2219451371571|91.183879093199|
| BADGE |86.9899923017706|91.24280603515321|93.02215935879302|94.33063363506432|95.37794896485315|96.12327656123277|96.78635841941302|97.34791977457319|98.05597452656276|98.3731570920183|
---------------------------------------------------------------------
