=======================================
ijcnn1_fraction:0.4_epochs:200_no of selection:10 2020-09-10 19:17:16.466652
ijcnn1 :Budget =  0.4
Validation Accuracy
---------------------------------------------------------------------
|Algo                            |1400|2800|4200|5600|7000|8400|9800|11200|12600|14000|
| One Step Taylor |79.08553546592489|81.93671766342142|82.37134909596662|83.58831710709319|87.67385257301808|88.5952712100139|92.0201668984701|92.75034770514604|94.12378303198888|93.37621696801112|
| Fac Loc Reg One Step |79.08553546592489|82.57997218358831|83.1710709318498|84.94436717663422|87.53477051460362|89.53407510431154|90.22948539638386|93.77607788595272|93.27190542420028|93.81084840055632|
| Rand Reg One Step |79.08553546592489|82.63212795549374|82.94506258692628|85.23991655076495|87.7260083449235|90.12517385257301|92.55910987482615|91.86369958275382|93.15020862308762|92.05493741307372|
| Facility Location |79.08553546592489|82.45827538247566|84.61404728789987|85.1529902642559|85.70931849791377|86.38734353268428|86.75243393602226|88.26495132127955|89.81223922114047|90.03824756606397|
| FASS |79.08553546592489|90.64673157162726|92.12447844228095|92.54172461752434|92.2287899860918|91.46383866481224|88.43880389429764|86.56119610570236|85.95271210013908|85.79624478442281|
| Random |79.08553546592489|89.02990264255911|87.63908205841446|87.69123783031989|87.03059805285118|89.82962447844228|85.53546592489569|83.93602225312935|82.63212795549374|81.64116828929068|
| BADGE |79.13769123783032|87.56954102920723|88.85605006954103|90.00347705146037|92.07232267037553|91.6029207232267|93.13282336578581|92.8894297635605|93.04589707927677|93.01112656467316|
---------------------------------------------------------------------


Test Accuracy
---------------------------------------------------------------------
|Algo                            |1400|2800|4200|5600|7000|8400|9800|11200|12600|14000|
| One Step Taylor |77.12637741046832|78.23691460055096|78.74196510560147|79.72337006427915|82.09366391184572|83.32472451790633|87.65782828282828|90.1916896235078|92.95511937557391|92.13154269972452|
| Fac Loc Reg One Step |77.12637741046832|78.60135445362718|79.14944903581267|80.69042699724518|81.99035812672176|84.27456382001837|86.70224977043159|91.46866391184572|92.60215794306703|91.28213957759412|
| Rand Reg One Step |77.12637741046832|78.6386593204775|78.81944444444444|80.83103764921947|81.97314049586777|85.2244031221304|89.60342056932966|91.34814049586777|92.74850780532599|90.8373507805326|
| Facility Location |79.08553546592489|82.45827538247566|84.61404728789987|85.1529902642559|85.70931849791377|86.38734353268428|86.75243393602226|88.26495132127955|89.81223922114047|90.03824756606397|
| FASS |77.12637741046832|82.78523875114784|86.86581726354454|91.21900826446281|92.25493572084481|91.7671028466483|89.60055096418733|86.52146464646465|85.68353994490359|85.53719008264463|
| Random |77.12637741046832|85.51423324150596|88.25757575757575|89.55176767676768|89.94777318640955|90.69100091827364|79.57415059687787|78.69318181818181|78.25126262626263|77.72325528007346|
| BADGE |77.106290174472|81.92435720844811|85.06944444444444|87.80417814508723|91.34527089072543|91.88475665748393|93.31955922865014|93.02972910927457|93.54912764003673|92.84894398530763|
---------------------------------------------------------------------


Unlabeled data Accuracy
---------------------------------------------------------------------
|Algo                            |1400|2800|4200|5600|7000|8400|9800|11200|12600|14000|
| One Step Taylor |90.61309523809524|91.027950310559|91.9448051948052|92.70068027210884|93.55|95.02255639097744|96.31746031746032|97.48319327731092|98.25892857142857|98.60952380952381|
| Fac Loc Reg One Step |90.61309523809524|91.13354037267081|92.29545454545455|92.58503401360544|94.13571428571429|94.99624060150376|96.57539682539682|97.67226890756302|98.63839285714286|98.89047619047619|
| Rand Reg One Step |90.61309523809524|91.13664596273291|92.25324675324676|93.19727891156462|94.49285714285715|95.84962406015038|97.29761904761905|98.55042016806723|98.67410714285714|98.91428571428571|
| Facility Location |90.61309523809524|91.0776397515528|91.39935064935065|91.57142857142857|91.91785714285714|92.09774436090225|92.5|92.8109243697479|93.3125|93.74285714285715|
| FASS |90.61309523809524|93.31987577639751|95.59415584415585|97.06122448979592|97.70357142857142|98.1203007518797|98.67063492063492|99.12605042016807|99.24553571428571|99.47142857142858|
| Random |90.61309523809524|89.4472049689441|92.41233766233766|92.74829931972789|92.76785714285714|95.49624060150376|99.9047619047619|99.97058823529412|99.98214285714286|99.9952380952381|
| BADGE |90.61309523809524|93.22049689440993|95.71428571428571|97.41156462585035|98.46785714285714|99.16165413533835|99.61111111111111|99.8529411764706|99.89732142857143|99.94761904761904|
---------------------------------------------------------------------
