=======================================
sklearn-digits_fraction:0.5_epochs:200_no of selection:10 2020-09-09 02:46:08.518863
sklearn-digits :Budget =  0.5
Validation Accuracy
---------------------------------------------------------------------
|Algo                            |73|146|219|292|365|438|511|584|657|730|
| One Step Taylor |87.65432098765432|85.18518518518519|89.50617283950618|90.12345679012346|85.18518518518519|93.20987654320987|93.82716049382717|91.9753086419753|92.5925925925926|93.82716049382717|
| Fac Loc Reg One Step |87.65432098765432|82.71604938271605|91.9753086419753|91.9753086419753|93.20987654320987|89.50617283950618|91.9753086419753|92.5925925925926|91.35802469135803|93.82716049382717|
| Rand Reg One Step |87.65432098765432|90.12345679012346|90.74074074074075|86.41975308641975|93.82716049382717|91.35802469135803|93.82716049382717|93.20987654320987|95.67901234567901|95.67901234567901|
| Facility Location |87.65432098765432|90.12345679012346|90.12345679012346|87.65432098765432|88.88888888888889|91.9753086419753|91.35802469135803|91.35802469135803|90.74074074074075|91.9753086419753|
| FASS |87.65432098765432|94.44444444444444|95.06172839506173|96.91358024691358|96.91358024691358|96.91358024691358|95.06172839506173|95.06172839506173|95.06172839506173|93.82716049382717|
| Random |87.65432098765432|91.9753086419753|90.74074074074075|91.35802469135803|91.9753086419753|92.5925925925926|93.20987654320987|92.5925925925926|92.5925925925926|91.35802469135803|
| BADGE |77.77777777777777|87.03703703703704|92.5925925925926|91.9753086419753|93.82716049382717|94.44444444444444|93.82716049382717|93.82716049382717|94.44444444444444|93.82716049382717|
---------------------------------------------------------------------


Test Accuracy
---------------------------------------------------------------------
|Algo                            |73|146|219|292|365|438|511|584|657|730|
| One Step Taylor |91.66666666666667|83.88888888888889|91.11111111111111|95.0|92.77777777777777|97.22222222222223|95.0|95.0|96.66666666666667|95.0|
| Fac Loc Reg One Step |91.66666666666667|84.44444444444444|93.33333333333333|96.11111111111111|95.0|97.22222222222223|94.44444444444444|96.11111111111111|96.11111111111111|97.22222222222223|
| Rand Reg One Step |91.66666666666667|86.11111111111111|93.88888888888889|91.66666666666667|95.0|97.22222222222223|95.55555555555556|95.55555555555556|97.22222222222223|96.66666666666667|
| Facility Location |87.65432098765432|90.12345679012346|90.12345679012346|87.65432098765432|88.88888888888889|91.9753086419753|91.35802469135803|91.35802469135803|90.74074074074075|91.9753086419753|
| FASS |91.66666666666667|93.88888888888889|96.11111111111111|95.55555555555556|96.66666666666667|97.22222222222223|96.11111111111111|95.0|95.55555555555556|94.44444444444444|
| Random |91.66666666666667|92.22222222222223|93.88888888888889|94.44444444444444|93.33333333333333|95.55555555555556|96.11111111111111|96.66666666666667|96.66666666666667|96.66666666666667|
| BADGE |82.77777777777777|90.55555555555556|93.88888888888889|95.0|96.11111111111111|95.55555555555556|96.66666666666667|96.66666666666667|97.22222222222223|97.22222222222223|
---------------------------------------------------------------------


Unlabeled data Accuracy
---------------------------------------------------------------------
|Algo                            |73|146|219|292|365|438|511|584|657|730|
| One Step Taylor |92.54703328509407|84.95034377387319|93.042071197411|95.27085124677558|93.85321100917432|97.24680432645035|98.09322033898304|98.50746268656717|99.12280701754386|99.44827586206897|
| Fac Loc Reg One Step |92.54703328509407|84.49197860962566|92.79935275080906|95.01289767841789|96.23853211009174|96.7551622418879|98.62288135593221|98.85189437428244|99.12280701754386|99.58620689655173|
| Rand Reg One Step |92.54703328509407|87.93893129770993|93.37641357027464|93.31046312178388|96.70932358318099|97.84735812133073|99.26315789473684|99.31662870159454|99.75186104218362|99.59128065395096|
| Facility Location |92.54703328509407|93.50649350649351|93.12297734627832|92.60533104041272|92.75229357798165|93.11701081612586|92.16101694915254|92.99655568312285|92.10526315789474|91.86206896551724|
| FASS |92.54703328509407|95.26355996944233|95.79288025889967|95.70077386070507|95.13761467889908|95.87020648967551|95.55084745762711|95.63719862227325|95.73934837092732|96.13793103448276|
| Random |92.54703328509407|92.75914634146342|91.86795491143317|93.08873720136519|92.19600725952813|93.5077519379845|94.5945945945946|94.73094170403587|95.01216545012166|95.47872340425532|
| BADGE |84.08104196816208|89.83957219251337|94.01294498381877|96.47463456577816|97.79816513761467|98.42674532940019|99.25847457627118|99.88518943742824|100.0|100.0|
---------------------------------------------------------------------
