=======================================
dna_fraction:0.4_epochs:200_no of selection:10 2020-09-12 20:06:27.751399
dna :Budget =  0.4
Validation Accuracy
---------------------------------------------------------------------
|Algo                            |56|112|168|224|280|336|392|448|504|560|
| One Step Taylor |70.67669172932331|80.20050125313283|87.468671679198|88.7218045112782|92.23057644110276|91.2280701754386|93.23308270676692|92.4812030075188|93.48370927318295|94.23558897243107|
| Fac Loc Reg One Step |70.67669172932331|77.69423558897243|84.9624060150376|87.468671679198|88.7218045112782|91.97994987468671|93.23308270676692|93.48370927318295|94.73684210526316|94.73684210526316|
| Rand Reg One Step |70.67669172932331|81.70426065162907|85.46365914786968|88.7218045112782|90.22556390977444|91.97994987468671|90.97744360902256|91.97994987468671|92.23057644110276|92.98245614035088|
| Facility Location |70.67669172932331|75.43859649122807|78.69674185463658|80.95238095238095|81.95488721804512|83.70927318295739|82.95739348370927|85.46365914786968|85.71428571428571|84.71177944862156|
| FASS |70.67669172932331|81.203007518797|86.46616541353383|89.72431077694236|90.72681704260651|92.23057644110276|92.23057644110276|93.23308270676692|93.23308270676692|92.73182957393483|
| Random |70.67669172932331|81.203007518797|82.20551378446115|82.95739348370927|84.9624060150376|87.21804511278195|87.468671679198|88.22055137844612|90.72681704260651|90.97744360902256|
| BADGE |69.42355889724311|83.95989974937343|88.47117794486215|90.47619047619048|93.48370927318295|94.48621553884712|94.73684210526316|95.48872180451127|95.98997493734336|96.49122807017544|
---------------------------------------------------------------------


Test Accuracy
---------------------------------------------------------------------
|Algo                            |56|112|168|224|280|336|392|448|504|560|
| One Step Taylor |67.26190476190476|80.23809523809524|85.71428571428571|87.97619047619048|89.16666666666667|90.0|91.66666666666667|91.19047619047619|91.78571428571429|92.14285714285714|
| Fac Loc Reg One Step |67.26190476190476|80.5952380952381|83.80952380952381|87.5|90.23809523809524|90.83333333333333|92.38095238095238|91.54761904761905|91.07142857142857|91.07142857142857|
| Rand Reg One Step |67.26190476190476|81.07142857142857|85.0|88.80952380952381|89.64285714285714|90.23809523809524|92.14285714285714|91.66666666666667|92.97619047619048|92.14285714285714|
| Facility Location |67.26190476190476|75.23809523809524|77.38095238095238|81.42857142857143|81.78571428571429|83.92857142857143|84.16666666666667|84.88095238095238|86.19047619047619|85.71428571428571|
| FASS |67.26190476190476|82.5|85.71428571428571|87.97619047619048|89.52380952380952|90.23809523809524|90.71428571428571|91.19047619047619|90.23809523809524|90.5952380952381|
| Random |67.26190476190476|79.52380952380952|82.38095238095238|83.33333333333333|86.19047619047619|88.45238095238095|87.97619047619048|89.16666666666667|89.64285714285714|90.47619047619048|
| BADGE |69.4047619047619|83.69047619047619|88.45238095238095|89.4047619047619|91.9047619047619|93.0952380952381|92.97619047619048|93.92857142857143|94.04761904761905|94.4047619047619|
---------------------------------------------------------------------


Unlabeled data Accuracy
---------------------------------------------------------------------
|Algo                            |56|112|168|224|280|336|392|448|504|560|
| One Step Taylor |57.06845238095238|78.1055900621118|84.90259740259741|89.54081632653062|91.78571428571429|95.0187969924812|95.43650793650794|96.21848739495799|96.76339285714286|97.85714285714286|
| Fac Loc Reg One Step |57.06845238095238|78.80434782608695|85.79545454545455|89.79591836734694|91.33928571428571|93.89097744360902|95.43650793650794|96.21848739495799|97.09821428571429|97.38095238095238|
| Rand Reg One Step |57.06845238095238|78.58805275407292|85.00810372771475|89.39779474130619|92.08185053380782|94.200187090739|95.06903353057199|96.35036496350365|96.46017699115045|97.7620730270907|
| Facility Location |57.06845238095238|61.95652173913044|67.28896103896103|71.08843537414965|73.03571428571429|74.62406015037594|76.88492063492063|78.88655462184875|80.35714285714286|80.83333333333333|
| FASS |57.06845238095238|76.31987577639751|84.6590909090909|88.0952380952381|89.91071428571429|92.01127819548873|92.26190476190476|92.6470588235294|93.63839285714286|94.4047619047619|
| Random |57.06845238095238|72.24806201550388|77.18446601941747|81.97969543147208|84.21985815602837|86.03351955307262|85.0|85.81780538302277|87.39035087719299|90.79254079254079|
| BADGE |56.99404761904762|81.44409937888199|87.82467532467533|91.3265306122449|93.30357142857143|95.11278195488721|97.02380952380952|98.10924369747899|98.88392857142857|99.16666666666667|
---------------------------------------------------------------------
