=======================================
shrink_large_linsep_4_fraction:0.4_epochs:200_no of selection:10 2020-08-31 01:22:51.094422
shrink_large_linsep_4 :Budget =  0.4
Validation Accuracy
---------------------------------------------------------------------
|Algo                            |140|280|420|560|700|840|980|1120|1260|1400|
| Taylor Online |100.0|100.0|100.0|100.0|100.0|100.0|100.0|100.0|100.0|100.0|
| Full OneStep |100.0|100.0|100.0|100.0|100.0|100.0|100.0|100.0|100.0|100.0|
| Facloc Regularized |100.0|100.0|100.0|100.0|100.0|100.0|100.0|100.0|100.0|100.0|
| Random Greedy |100.0|100.0|100.0|100.0|100.0|100.0|100.0|100.0|100.0|100.0|
| Facility Location |96.8|100.0|100.0|100.0|100.0|100.0|100.0|100.0|100.0|100.0|
| FASS |100.0|83.8|86.2|80.4|100.0|100.0|100.0|100.0|100.0|100.0|
| Random |100.0|100.0|100.0|100.0|100.0|100.0|100.0|100.0|100.0|100.0|
| Random Perturbation |100.0|100.0|100.0|100.0|100.0|100.0|100.0|100.0|100.0|100.0|
| BADGE |100.0|100.0|100.0|100.0|100.0|100.0|100.0|100.0|100.0|100.0|
---------------------------------------------------------------------


Test Accuracy
---------------------------------------------------------------------
|Algo                            |140|280|420|560|700|840|980|1120|1260|1400|
| Taylor Online |100.0|100.0|100.0|100.0|100.0|100.0|100.0|100.0|100.0|100.0|
| Full OneStep |100.0|100.0|100.0|100.0|100.0|100.0|100.0|100.0|100.0|100.0|
| Facloc Regularized |100.0|100.0|100.0|100.0|100.0|100.0|100.0|100.0|100.0|100.0|
| Random Greedy |100.0|100.0|100.0|100.0|100.0|100.0|100.0|100.0|100.0|100.0|
| Facility Location |96.8|100.0|100.0|100.0|100.0|100.0|100.0|100.0|100.0|100.0|
| FASS |100.0|80.2|82.8|77.3|100.0|100.0|100.0|100.0|100.0|100.0|
| Random |100.0|100.0|100.0|100.0|100.0|100.0|100.0|100.0|100.0|100.0|
| Random Perturbation |100.0|100.0|100.0|100.0|100.0|100.0|100.0|100.0|100.0|100.0|
| BADGE |100.0|99.9|100.0|100.0|100.0|100.0|100.0|100.0|100.0|100.0|
---------------------------------------------------------------------


Unlabeled data Accuracy
---------------------------------------------------------------------
|Algo                            |140|280|420|560|700|840|980|1120|1260|1400|
| Taylor Online |97.32142857142857|97.70186335403727|98.01948051948052|98.02721088435374|98.10714285714286|98.19548872180451|98.25396825396825|98.82352941176471|99.01785714285714|99.28571428571429|
| Full OneStep |97.32142857142857|97.67080745341615|97.8896103896104|97.95918367346938|98.07142857142857|98.0827067669173|98.01587301587301|97.94117647058823|97.94642857142857|97.80952380952381|
| Facloc Regularized |97.32142857142857|97.67080745341615|97.8896103896104|98.02721088435374|98.10714285714286|98.1203007518797|98.25396825396825|98.69747899159664|99.19642857142857|99.38095238095238|
| Random Greedy |97.32142857142857|97.70186335403727|97.98701298701299|98.0952380952381|98.17857142857143|98.15789473684211|98.33333333333333|98.82352941176471|99.01785714285714|99.38095238095238|
| Facility Location |90.23809523809524|96.95652173913044|97.8896103896104|98.19727891156462|98.39285714285714|98.38345864661655|98.53174603174604|98.61344537815125|98.75|98.80952380952381|
| FASS |97.32142857142857|78.38509316770187|82.43506493506493|77.17687074829932|97.78571428571429|98.00751879699249|98.05555555555556|98.0672268907563|98.08035714285714|98.0|
| Random |97.32142857142857|97.82608695652173|97.72727272727273|97.99319727891157|98.10714285714286|98.23308270676692|98.21428571428571|98.10924369747899|98.125|98.04761904761905|
| Random Perturbation |97.32142857142857|97.73291925465838|97.75974025974025|97.82312925170068|97.82142857142857|97.81954887218045|97.77777777777777|97.6470588235294|97.58928571428571|97.52380952380952|
| BADGE |98.2919254658385|98.14935064935065|98.40136054421768|98.75|98.94736842105263|99.16666666666667|99.32773109243698|99.46428571428571|99.52380952380952|99.59183673469387|
---------------------------------------------------------------------
