=======================================
usps_fraction:0.5_epochs:200_no of selection:10 2020-09-12 20:08:42.727520
usps :Budget =  0.5
Validation Accuracy
---------------------------------------------------------------------
|Algo                            |329|658|987|1316|1645|1974|2303|2632|2961|3290|
| One Step Taylor |92.87671232876713|95.61643835616438|95.47945205479452|96.57534246575342|96.16438356164383|96.71232876712328|96.43835616438356|96.43835616438356|96.43835616438356|96.43835616438356|
| Fac Loc Reg One Step |92.87671232876713|95.89041095890411|96.71232876712328|96.71232876712328|96.98630136986301|96.16438356164383|96.02739726027397|96.02739726027397|96.16438356164383|96.3013698630137|
| Rand Reg One Step |92.87671232876713|95.89041095890411|95.89041095890411|95.89041095890411|96.43835616438356|96.16438356164383|96.3013698630137|96.71232876712328|97.12328767123287|96.98630136986301|
| Facility Location |92.87671232876713|94.24657534246575|95.34246575342466|95.75342465753425|95.06849315068493|95.47945205479452|95.89041095890411|95.20547945205479|95.89041095890411|95.47945205479452|
| FASS |92.87671232876713|96.3013698630137|96.57534246575342|96.57534246575342|96.57534246575342|96.84931506849315|96.71232876712328|96.16438356164383|95.89041095890411|96.43835616438356|
| Random |92.87671232876713|93.6986301369863|95.34246575342466|94.79452054794521|95.47945205479452|96.3013698630137|96.3013698630137|96.57534246575342|96.02739726027397|95.89041095890411|
| BADGE |92.87671232876713|95.47945205479452|96.84931506849315|97.67123287671232|98.21917808219177|98.21917808219177|98.08219178082192|98.08219178082192|97.67123287671232|97.8082191780822|
---------------------------------------------------------------------


Test Accuracy
---------------------------------------------------------------------
|Algo                            |329|658|987|1316|1645|1974|2303|2632|2961|3290|
| One Step Taylor |86.64673642252117|90.5829596412556|91.08121574489287|92.32685600398605|91.6791230692576|92.2272047832586|91.77877428998505|92.4265072247135|92.32685600398605|92.17737917289487|
| Fac Loc Reg One Step |86.64673642252117|90.9317389138017|91.72894867962133|92.4265072247135|92.77528649725959|92.47633283507723|92.4265072247135|91.62929745889387|91.82859990034878|92.47633283507723|
| Rand Reg One Step |86.64673642252117|90.98156452416542|91.4798206278027|91.42999501743897|91.82859990034878|92.17737917289487|91.92825112107623|91.82859990034878|92.07772795216741|92.12755356253115|
| Facility Location |86.64673642252117|88.93871449925261|89.98505231689089|90.23418036870952|90.03487792725461|90.48330842052815|91.42999501743897|91.28051818634778|90.98156452416542|91.4798206278027|
| FASS |86.64673642252117|91.1310413552566|90.83208769307424|91.03139013452915|90.88191330343797|91.92825112107623|91.97807673143996|91.92825112107623|91.4798206278027|91.52964623816642|
| Random |86.64673642252117|90.23418036870952|90.03487792725461|90.03487792725461|90.08470353761834|91.08121574489287|90.98156452416542|91.08121574489287|90.88191330343797|91.4798206278027|
| BADGE |86.59691081215745|90.08470353761834|92.67563527653213|93.12406576980568|93.17389138016941|93.37319382162431|93.57249626307922|93.62232187344296|93.57249626307922|93.47284504235176|
---------------------------------------------------------------------


Unlabeled data Accuracy
---------------------------------------------------------------------
|Algo                            |329|658|987|1316|1645|1974|2303|2632|2961|3290|
| One Step Taylor |91.76829268292683|95.27358970015247|96.93218514531755|97.97902764537655|98.57607811228641|98.95356442119032|99.10756223579145|99.10918808857215|99.13888888888889|99.08284928156527|
| Fac Loc Reg One Step |91.76829268292683|95.5107572420803|97.36275565123789|97.99809342230697|98.69812855980472|98.86636145628951|99.01362141850635|99.08373631967422|99.13888888888889|99.14399266279425|
| Rand Reg One Step |91.76829268292683|95.25745257452574|97.09469153515064|97.7515243902439|98.4959349593496|98.88937282229965|99.06191369606003|99.28861788617886|99.39024390243902|99.32926829268293|
| Facility Location |91.76829268292683|93.47789259698459|94.22317904556871|94.35653002859867|94.3653376729048|94.35360802267277|94.52794739314233|94.55332145584119|94.75|94.9250993579945|
| FASS |91.76829268292683|94.54514653565984|95.35342662360962|95.34795042897998|95.95199349064279|96.0322650970133|96.38327853452326|96.20768643420718|96.13888888888889|96.17853867318863|
| Random |91.76829268292683|93.84303112313938|94.2238912732475|94.23368740515933|94.34571890145396|95.07772020725389|94.9443413729128|95.21543086172345|95.2069716775599|95.70405727923628|
| BADGE |91.75224646983312|95.40911400982552|97.29099390025117|98.76072449952335|99.41008950366151|99.69478962284718|99.81211836542978|99.82183761771444|99.80555555555556|99.84714154692755|
---------------------------------------------------------------------
