=======================================
sklearn-digits_fraction:0.4_epochs:200_no of selection:10 2020-09-05 11:34:48.003449
sklearn-digits :Budget =  0.4
Validation Accuracy
---------------------------------------------------------------------
|Algo                            |0|42|84|126|168|210|252|294|336|378|
| One Step Taylor |66.25|72.5|73.75|75.0|78.75|80.0|82.5|85.0|86.25|86.25|
| Fac Loc Reg One Step |66.25|68.75|77.5|77.5|78.75|81.25|81.25|82.5|82.5|83.75|
| Rand Reg One Step |66.25|71.25|73.75|82.5|83.75|85.0|85.0|85.0|85.0|85.0|
| Facility Location |66.25|71.25|76.25|75.0|78.75|78.75|78.75|78.75|80.0|80.0|
| FASS |66.25|85.0|87.5|88.75|90.0|91.25|90.0|88.75|88.75|88.75|
| Random |66.25|75.0|85.0|86.25|86.25|86.25|86.25|86.25|86.25|86.25|
| BADGE |73.75|82.5|82.5|81.25|85.0|85.0|88.75|87.5|88.75|85.0|
---------------------------------------------------------------------


Test Accuracy
---------------------------------------------------------------------
|Algo                            |0|42|84|126|168|210|252|294|336|378|
| One Step Taylor |63.75|66.25|70.0|77.5|82.5|83.75|83.75|86.25|86.25|86.25|
| Fac Loc Reg One Step |63.75|68.75|76.25|81.25|82.5|82.5|85.0|86.25|86.25|86.25|
| Rand Reg One Step |63.75|68.75|72.5|83.75|85.0|85.0|85.0|85.0|86.25|86.25|
| Facility Location |66.25|71.25|76.25|75.0|78.75|78.75|78.75|78.75|80.0|80.0|
| FASS |63.75|85.0|86.25|86.25|88.75|90.0|90.0|91.25|90.0|90.0|
| Random |63.75|77.5|91.25|93.75|93.75|93.75|93.75|92.5|93.75|91.25|
| BADGE |75.0|83.75|86.25|88.75|91.25|88.75|92.5|91.25|90.0|91.25|
---------------------------------------------------------------------


Unlabeled data Accuracy
---------------------------------------------------------------------
|Algo                            |0|42|84|126|168|210|252|294|336|378|
| One Step Taylor |90.01996007984032|93.33333333333333|94.98910675381264|97.26027397260275|97.4820143884892|97.72727272727273|98.13333333333334|98.44632768361582|98.49849849849849|98.3974358974359|
| Fac Loc Reg One Step |90.01996007984032|93.95833333333333|96.07843137254902|97.14611872146119|97.3621103117506|97.72727272727273|98.4|98.30508474576271|98.49849849849849|98.5576923076923|
| Rand Reg One Step |90.01996007984032|93.75650364203955|95.43478260869566|96.81456200227531|97.61336515513126|98.11794228356337|98.54497354497354|98.6013986013986|98.51632047477744|98.42022116903634|
| Facility Location |90.01996007984032|92.5|94.44444444444444|94.9771689497717|95.32374100719424|94.82323232323232|94.66666666666667|94.91525423728814|94.44444444444444|95.03205128205128|
| FASS |90.01996007984032|94.47916666666667|96.29629629629629|96.91780821917808|96.76258992805755|96.84343434343434|97.06666666666666|97.31638418079096|97.44744744744744|97.43589743589743|
| Random |90.01996007984032|92.41164241164242|93.92624728850325|95.3514739229025|95.01187648456057|95.38653366583542|96.98162729658793|97.36842105263158|97.65395894428153|97.66355140186916|
| BADGE |91.875|94.55337690631808|97.26027397260275|98.56115107913669|99.36868686868686|99.46666666666667|99.85875706214689|99.84984984984985|99.83974358974359|99.82817869415807|
---------------------------------------------------------------------
