=======================================
sklearn-digits_fraction:0.5_epochs:200_no of selection:10 2020-09-09 03:08:22.237953
sklearn-digits :Budget =  0.5
Validation Accuracy
---------------------------------------------------------------------
|Algo                            |53|106|159|212|265|318|371|424|477|530|
| One Step Taylor |70.0|75.0|80.0|81.25|88.75|86.25|85.0|85.0|85.0|85.0|
| Fac Loc Reg One Step |70.0|70.0|77.5|82.5|86.25|85.0|85.0|85.0|85.0|85.0|
| Rand Reg One Step |70.0|81.25|80.0|78.75|90.0|86.25|85.0|87.5|87.5|86.25|
| Facility Location |70.0|76.25|77.5|80.0|78.75|77.5|77.5|77.5|80.0|80.0|
| FASS |70.0|92.5|90.0|88.75|86.25|83.75|81.25|78.75|82.5|81.25|
| Random |70.0|85.0|87.5|85.0|80.0|82.5|82.5|81.25|82.5|81.25|
| BADGE |66.25|76.25|86.25|85.0|86.25|83.75|83.75|86.25|87.5|83.75|
---------------------------------------------------------------------


Test Accuracy
---------------------------------------------------------------------
|Algo                            |53|106|159|212|265|318|371|424|477|530|
| One Step Taylor |67.5|78.75|76.25|87.5|85.0|83.75|86.25|86.25|88.75|88.75|
| Fac Loc Reg One Step |67.5|78.75|78.75|83.75|88.75|90.0|90.0|88.75|87.5|87.5|
| Rand Reg One Step |67.5|80.0|77.5|82.5|88.75|87.5|91.25|90.0|90.0|90.0|
| Facility Location |70.0|76.25|77.5|80.0|78.75|77.5|77.5|77.5|80.0|80.0|
| FASS |67.5|91.25|93.75|93.75|91.25|88.75|88.75|82.5|82.5|87.5|
| Random |67.5|82.5|88.75|90.0|88.75|86.25|87.5|88.75|85.0|81.25|
| BADGE |66.25|80.0|88.75|87.5|91.25|93.75|90.0|91.25|90.0|88.75|
---------------------------------------------------------------------


Unlabeled data Accuracy
---------------------------------------------------------------------
|Algo                            |53|106|159|212|265|318|371|424|477|530|
| One Step Taylor |92.83551967709384|87.73987206823028|95.59322033898304|93.99038461538461|99.10141206675225|96.28099173553719|99.40564635958395|99.35483870967742|99.47089947089947|99.41634241245136|
| Fac Loc Reg One Step |92.83551967709384|87.73987206823028|95.14124293785311|98.07692307692308|97.43260590500641|97.93388429752066|98.95988112927192|99.03225806451613|98.94179894179894|98.83268482490273|
| Rand Reg One Step |92.83551967709384|91.58679446219382|95.94137542277339|95.5688622754491|97.70114942528735|98.35841313269493|98.8217967599411|99.20255183413079|99.1304347826087|99.04397705544933|
| Facility Location |92.83551967709384|94.24307036247335|94.68926553672317|95.07211538461539|94.99358151476251|94.49035812672176|94.79940564635959|94.35483870967742|93.47442680776014|94.55252918287938|
| FASS |92.83551967709384|94.45628997867804|96.61016949152543|96.875|97.17586649550707|96.69421487603306|96.58246656760772|96.12903225806451|98.58906525573192|99.0272373540856|
| Random |92.83551967709384|93.51753453772582|93.93939393939394|95.48156956004756|96.20733249051833|96.62618083670715|97.10564399421129|97.03588143525741|96.61590524534687|97.22735674676525|
| BADGE |91.0191725529768|94.88272921108742|98.19209039548022|99.39903846153847|99.74326059050064|100.0|100.0|100.0|100.0|100.0|
---------------------------------------------------------------------
