=======================================
red_conv_shift_large_linsep_4_fraction:0.2_epochs:200_no of selection:10 2020-08-31 01:08:08.525754
red_conv_shift_large_linsep_4 :Budget =  0.2
Validation Accuracy
---------------------------------------------------------------------
|Algo                            |70|140|210|280|350|420|490|560|630|700|
| Taylor Online |71.0|76.0|83.0|82.0|82.6|84.0|83.4|83.6|83.6|83.8|
| Full OneStep |71.0|76.6|82.6|82.4|82.0|83.0|82.8|82.8|82.8|83.2|
| Facloc Regularized |71.0|82.2|80.0|80.2|79.6|82.0|82.2|82.8|83.0|82.8|
| Random Greedy |71.0|77.4|83.4|79.0|82.0|81.8|82.0|82.4|82.4|82.4|
| Facility Location |80.4|80.2|80.6|80.2|80.0|80.0|79.8|79.4|79.4|79.2|
| FASS |71.0|82.0|87.8|86.8|84.8|84.0|83.4|82.8|81.8|81.6|
| Random |71.0|77.4|78.6|79.2|78.8|79.0|78.8|78.8|79.4|79.2|
| Random Perturbation |71.0|81.2|83.0|82.6|81.8|81.6|81.4|81.2|81.4|81.0|
| BADGE |78.6|79.0|78.4|78.6|78.0|77.6|77.0|77.2|77.2|77.0|
---------------------------------------------------------------------


Test Accuracy
---------------------------------------------------------------------
|Algo                            |70|140|210|280|350|420|490|560|630|700|
| Taylor Online |73.0|77.4|84.1|82.6|83.0|84.4|84.6|84.8|84.7|84.6|
| Full OneStep |73.0|77.7|83.3|82.5|82.9|84.2|84.2|84.3|84.3|84.4|
| Facloc Regularized |73.0|82.7|80.5|81.0|80.0|82.8|82.7|83.7|83.5|83.5|
| Random Greedy |73.0|77.6|83.1|80.0|83.1|83.0|83.6|83.7|83.6|83.7|
| Facility Location |80.4|80.2|80.6|80.2|80.0|80.0|79.8|79.4|79.4|79.2|
| FASS |73.0|81.7|88.7|86.2|84.6|84.4|84.2|83.5|82.9|81.8|
| Random |73.0|79.1|79.6|80.0|80.4|80.3|79.9|79.6|80.3|80.2|
| Random Perturbation |73.0|83.6|84.6|84.1|83.2|82.9|82.2|82.0|82.1|82.1|
| BADGE |78.9|80.1|79.7|79.8|78.9|78.3|78.4|77.8|78.1|77.5|
---------------------------------------------------------------------


Unlabeled data Accuracy
---------------------------------------------------------------------
|Algo                            |70|140|210|280|350|420|490|560|630|700|
| Taylor Online |96.0932944606414|96.75595238095238|97.99392097264437|98.72670807453416|99.3015873015873|99.28571428571429|99.53488372093024|99.45578231292517|99.51219512195122|99.5|
| Full OneStep |96.0932944606414|96.78571428571429|98.17629179331307|98.57142857142857|99.3015873015873|99.31818181818181|99.46843853820597|99.52380952380952|99.58188153310104|99.57142857142857|
| Facloc Regularized |96.0932944606414|98.125|98.54103343465046|98.72670807453416|99.26984126984127|99.28571428571429|99.56810631229236|99.5578231292517|99.65156794425087|99.75|
| Random Greedy |96.0932944606414|97.11309523809524|97.87234042553192|98.9751552795031|98.95238095238095|99.41558441558442|99.43521594684385|99.48979591836735|99.51219512195122|99.53571428571429|
| Facility Location |97.28862973760933|97.64880952380952|97.87234042553192|97.85714285714286|97.9047619047619|97.98701298701299|98.00664451827242|98.0952380952381|98.08362369337979|98.10714285714286|
| FASS |96.0932944606414|96.04166666666667|95.37993920972644|97.2360248447205|97.80952380952381|98.14935064935065|98.33887043189368|98.50340136054422|98.78048780487805|98.92857142857143|
| Random |96.0932944606414|97.02380952380952|97.26443768996961|97.6086956521739|97.71428571428571|97.79220779220779|97.74086378737542|97.72108843537416|97.8397212543554|97.82142857142857|
| Random Perturbation |96.0932944606414|97.08333333333333|96.93009118541033|96.86335403726709|97.01587301587301|97.01298701298701|97.14285714285714|97.17687074829932|97.38675958188153|97.46428571428571|
| BADGE |97.11309523809524|97.44680851063829|97.70186335403727|97.84126984126983|98.01948051948052|98.40531561461793|98.60544217687075|98.78048780487805|98.89285714285714|99.15750915750915|
---------------------------------------------------------------------
