=======================================
sklearn-digits_fraction:0.2_epochs:200_no of selection:10 2020-08-31 00:56:42.143607
sklearn-digits :Budget =  0.2
Validation Accuracy
---------------------------------------------------------------------
|Algo                            |30|60|90|120|150|180|210|240|270|300|
| Taylor Online |70.37037037037037|85.80246913580247|91.35802469135803|92.5925925925926|95.67901234567901|95.67901234567901|95.67901234567901|95.67901234567901|95.67901234567901|95.67901234567901|
| Full OneStep |70.37037037037037|87.65432098765432|91.35802469135803|93.82716049382717|94.44444444444444|95.67901234567901|96.29629629629629|96.29629629629629|95.67901234567901|96.29629629629629|
| Facloc Regularized |70.37037037037037|80.24691358024691|87.03703703703704|93.20987654320987|93.82716049382717|94.44444444444444|95.06172839506173|95.06172839506173|95.06172839506173|94.44444444444444|
| Random Greedy |70.37037037037037|84.5679012345679|89.50617283950618|93.20987654320987|93.82716049382717|94.44444444444444|93.82716049382717|94.44444444444444|95.67901234567901|95.67901234567901|
| Facility Location |80.24691358024691|79.62962962962963|82.71604938271605|83.33333333333333|84.5679012345679|87.65432098765432|87.65432098765432|87.65432098765432|88.88888888888889|89.50617283950618|
| FASS |70.37037037037037|87.65432098765432|90.12345679012346|93.20987654320987|95.67901234567901|95.06172839506173|96.29629629629629|95.67901234567901|95.67901234567901|95.67901234567901|
| Random |70.37037037037037|75.92592592592592|80.8641975308642|85.80246913580247|87.65432098765432|90.74074074074075|90.74074074074075|90.12345679012346|91.35802469135803|91.35802469135803|
| Random Perturbation |70.37037037037037|78.39506172839506|85.18518518518519|86.41975308641975|85.80246913580247|87.65432098765432|88.27160493827161|88.88888888888889|89.50617283950618|89.50617283950618|
| BADGE |79.01234567901234|83.33333333333333|88.27160493827161|91.9753086419753|94.44444444444444|92.5925925925926|93.82716049382717|93.82716049382717|93.82716049382717|95.06172839506173|
---------------------------------------------------------------------


Test Accuracy
---------------------------------------------------------------------
|Algo                            |30|60|90|120|150|180|210|240|270|300|
| Taylor Online |77.77777777777777|88.33333333333333|92.22222222222223|93.88888888888889|93.88888888888889|93.88888888888889|93.33333333333333|95.0|96.11111111111111|96.11111111111111|
| Full OneStep |77.77777777777777|90.55555555555556|93.33333333333333|93.88888888888889|93.33333333333333|93.88888888888889|96.11111111111111|96.11111111111111|96.11111111111111|96.11111111111111|
| Facloc Regularized |77.77777777777777|89.44444444444444|92.77777777777777|92.77777777777777|94.44444444444444|96.66666666666667|96.66666666666667|96.11111111111111|96.66666666666667|96.11111111111111|
| Random Greedy |77.77777777777777|88.88888888888889|93.33333333333333|93.88888888888889|95.55555555555556|95.0|96.66666666666667|96.11111111111111|97.22222222222223|96.66666666666667|
| Facility Location |80.24691358024691|79.62962962962963|82.71604938271605|83.33333333333333|84.5679012345679|87.65432098765432|87.65432098765432|87.65432098765432|88.88888888888889|89.50617283950618|
| FASS |77.77777777777777|87.77777777777777|95.0|93.88888888888889|94.44444444444444|95.55555555555556|95.0|95.55555555555556|97.22222222222223|97.22222222222223|
| Random |77.77777777777777|82.22222222222223|88.88888888888889|89.44444444444444|91.66666666666667|91.11111111111111|92.77777777777777|95.0|95.0|95.0|
| Random Perturbation |77.77777777777777|81.11111111111111|87.77777777777777|89.44444444444444|89.44444444444444|91.11111111111111|92.22222222222223|92.77777777777777|93.88888888888889|93.88888888888889|
| BADGE |87.22222222222223|92.77777777777777|93.33333333333333|94.44444444444444|96.11111111111111|96.11111111111111|97.22222222222223|97.22222222222223|97.22222222222223|97.22222222222223|
---------------------------------------------------------------------


Unlabeled data Accuracy
---------------------------------------------------------------------
|Algo                            |30|60|90|120|150|180|210|240|270|300|
| Taylor Online |75.15789473684211|85.30465949820788|89.52380952380952|91.16104868913858|92.72030651340997|93.6470588235294|95.58232931726907|96.46090534979425|97.21518987341773|97.66233766233766|
| Full OneStep |75.15789473684211|86.30824372759857|89.45054945054945|92.20973782771536|93.63984674329502|94.82352941176471|95.7429718875502|96.54320987654322|97.63713080168776|98.18181818181819|
| Facloc Regularized |75.15789473684211|84.44444444444444|90.03663003663004|92.43445692883896|93.79310344827586|95.29411764705883|95.66265060240964|96.54320987654322|96.9620253164557|97.66233766233766|
| Random Greedy |75.15789473684211|85.08960573476702|89.59706959706959|92.43445692883896|93.10344827586206|95.05882352941177|96.22489959839358|96.62551440329219|96.9620253164557|96.88311688311688|
| Facility Location |82.94736842105263|84.6594982078853|86.66666666666667|88.16479400749064|89.272030651341|89.49019607843137|89.5582329317269|90.94650205761317|90.88607594936708|90.82251082251082|
| FASS |75.15789473684211|86.16487455197132|89.52380952380952|92.05992509363296|93.25670498084291|93.88235294117646|95.1004016064257|96.04938271604938|96.45569620253164|97.31601731601732|
| Random |75.15789473684211|80.57347670250896|85.71428571428571|87.86516853932584|89.11877394636015|90.19607843137256|91.72690763052209|93.16872427983539|93.92405063291139|94.71861471861472|
| Random Perturbation |75.15789473684211|82.29390681003584|84.17582417582418|86.51685393258427|88.27586206896552|89.33333333333333|90.68273092369478|91.60493827160494|91.9831223628692|93.24675324675324|
| BADGE |79.85663082437276|86.95970695970696|91.68539325842697|94.25287356321839|94.82352941176471|95.7429718875502|96.46090534979425|96.54008438818565|97.74891774891775|98.04444444444445|
---------------------------------------------------------------------
