=======================================
red_large_linsep_4_fraction:0.1_epochs:200_no of selection:10 2020-08-31 01:52:45.295645
red_large_linsep_4 :Budget =  0.1
Validation Accuracy
---------------------------------------------------------------------
|Algo                            |35|70|105|140|175|210|245|280|315|350|
| Taylor Online |87.6|91.6|92.4|91.8|92.4|93.0|93.2|93.2|93.8|93.2|
| Full OneStep |87.6|90.2|90.8|91.8|92.2|92.2|93.2|93.2|93.4|93.6|
| Facloc Regularized |87.6|91.6|91.6|90.8|91.8|92.6|93.2|93.8|93.4|93.6|
| Random Greedy |87.6|91.6|92.2|92.4|92.2|92.8|93.2|93.4|93.8|93.2|
| Facility Location |78.2|88.0|90.8|91.4|92.2|92.2|92.4|93.0|93.0|93.4|
| FASS |87.6|85.8|91.4|90.8|90.0|89.6|89.2|87.8|87.2|86.2|
| Random |87.6|92.0|92.4|92.4|92.2|92.8|92.6|92.6|92.8|92.6|
| Random Perturbation |87.6|89.6|90.8|91.2|92.2|92.4|92.8|92.4|91.6|91.8|
| BADGE |89.4|90.8|90.2|92.2|93.6|93.2|93.6|93.0|93.2|93.2|
---------------------------------------------------------------------


Test Accuracy
---------------------------------------------------------------------
|Algo                            |35|70|105|140|175|210|245|280|315|350|
| Taylor Online |84.8|89.6|90.4|91.0|91.1|91.5|91.3|91.2|91.0|91.1|
| Full OneStep |84.8|87.1|89.3|90.1|89.7|89.8|90.6|90.5|90.7|91.0|
| Facloc Regularized |84.8|90.6|91.2|90.8|91.2|90.8|91.5|91.5|91.4|91.5|
| Random Greedy |84.8|89.8|89.9|91.5|91.1|91.3|91.5|91.6|91.5|91.5|
| Facility Location |78.2|88.0|90.8|91.4|92.2|92.2|92.4|93.0|93.0|93.4|
| FASS |84.8|86.5|90.2|89.9|89.6|88.4|88.0|87.6|87.5|87.1|
| Random |84.8|89.6|89.8|90.3|90.9|90.5|90.3|90.8|90.3|90.5|
| Random Perturbation |84.8|86.0|86.9|87.9|89.0|90.1|89.7|90.2|90.4|90.6|
| BADGE |90.3|90.6|90.7|91.5|91.3|91.2|91.3|91.2|91.3|91.2|
---------------------------------------------------------------------


Unlabeled data Accuracy
---------------------------------------------------------------------
|Algo                            |35|70|105|140|175|210|245|280|315|350|
| Taylor Online |85.88744588744589|90.11661807580175|90.75110456553756|91.30952380952381|91.84962406015038|92.09726443768997|92.71889400921658|93.2919254658385|93.53218210361068|93.68253968253968|
| Full OneStep |85.88744588744589|88.45481049562682|89.98527245949926|90.08928571428571|90.3157894736842|90.66869300911854|90.96774193548387|90.96273291925466|91.05180533751962|91.39682539682539|
| Facloc Regularized |85.88744588744589|91.0204081632653|91.01620029455081|90.6547619047619|91.5187969924812|91.70212765957447|92.38095238095238|92.54658385093168|92.81004709576138|92.95238095238095|
| Random Greedy |85.88744588744589|90.4692509472457|90.52104798351486|91.46595301813856|91.4388705316912|92.1092564491654|92.42563630788102|92.65571738456771|92.82806138427812|93.22570433681545|
| Facility Location |76.73881673881674|86.44314868804665|88.65979381443299|89.10714285714286|89.44360902255639|89.8176291793313|90.26113671274962|91.11801242236025|91.42857142857143|91.39682539682539|
| FASS |85.88744588744589|86.99708454810495|90.95729013254787|90.625|90.40601503759399|89.8176291793313|88.84792626728111|87.98136645962732|87.56671899529043|87.23809523809524|
| Random |85.88744588744589|90.14577259475219|91.51693667157585|91.36904761904762|91.00751879699249|91.30699088145897|91.30568356374808|91.30434782608695|91.33437990580848|91.33333333333333|
| Random Perturbation |85.88744588744589|87.37609329446065|88.04123711340206|88.89880952380952|89.95488721804512|90.85106382978724|90.69124423963133|90.99378881987577|90.98901098901099|91.04761904761905|
| BADGE |89.91253644314868|90.39764359351989|90.50595238095238|91.93984962406014|92.43161094224924|92.25806451612904|92.45341614906832|92.62166405023548|92.95238095238095|92.90529695024077|
---------------------------------------------------------------------
