=======================================
svmguide1_fraction:0.1_epochs:200_no of selection:11 2020-09-02 08:12:45.540180
svmguide1 :Budget =  0.1
Validation Accuracy
---------------------------------------------------------------------
|Algo                            |34|68|102|136|170|204|238|272|306|340|374|
| One Step Taylor |87.37864077669903|93.20388349514563|93.20388349514563|93.52750809061489|93.52750809061489|94.1747572815534|95.14563106796116|95.14563106796116|95.14563106796116|95.46925566343042|95.46925566343042|
| Full One Step |87.37864077669903|93.20388349514563|95.14563106796116|93.52750809061489|95.46925566343042|95.46925566343042|95.14563106796116|95.46925566343042|95.46925566343042|95.46925566343042|94.8220064724919|
| Fac Loc Reg One Step |87.37864077669903|93.20388349514563|91.58576051779936|93.52750809061489|93.85113268608414|94.8220064724919|94.8220064724919|95.46925566343042|95.46925566343042|95.14563106796116|95.14563106796116|
| Rand Reg One Step |87.37864077669903|92.55663430420712|93.20388349514563|94.1747572815534|94.8220064724919|95.14563106796116|95.14563106796116|95.14563106796116|95.46925566343042|95.14563106796116|95.46925566343042|
| Facility Location |87.37864077669903|90.29126213592232|91.2621359223301|91.58576051779936|92.55663430420712|92.88025889967638|93.20388349514563|93.20388349514563|93.20388349514563|93.20388349514563|93.20388349514563|
| FASS |87.37864077669903|92.23300970873787|92.55663430420712|93.52750809061489|95.14563106796116|94.8220064724919|95.46925566343042|95.46925566343042|95.46925566343042|95.46925566343042|95.79288025889967|
| Random |87.37864077669903|91.58576051779936|93.20388349514563|93.52750809061489|93.85113268608414|94.1747572815534|94.49838187702265|94.8220064724919|95.79288025889967|95.14563106796116|95.79288025889967|
| One step Perturbation |87.37864077669903|91.2621359223301|93.85113268608414|94.49838187702265|93.52750809061489|94.8220064724919|94.1747572815534|94.49838187702265|95.14563106796116|95.14563106796116|95.14563106796116|
| BADGE |89.64401294498381|92.55663430420712|93.52750809061489|95.46925566343042|95.14563106796116|94.8220064724919|95.14563106796116|95.46925566343042|95.14563106796116|95.46925566343042|95.14563106796116|
---------------------------------------------------------------------


Test Accuracy
---------------------------------------------------------------------
|Algo                            |34|68|102|136|170|204|238|272|306|340|374|
| One Step Taylor |89.25|93.45|94.45|94.45|94.575|94.6|94.7|94.75|95.075|95.3|95.45|
| Full One Step |89.25|93.375|93.95|92.4|95.025|94.75|94.925|94.7|94.75|94.75|94.775|
| Fac Loc Reg One Step |89.25|93.225|93.025|94.6|94.7|94.8|95.0|95.2|95.25|95.325|95.325|
| Rand Reg One Step |89.25|93.5|94.1|94.75|95.05|95.05|95.0|95.05|95.175|95.225|95.275|
| Facility Location |87.37864077669903|90.29126213592232|91.2621359223301|91.58576051779936|92.55663430420712|92.88025889967638|93.20388349514563|93.20388349514563|93.20388349514563|93.20388349514563|93.20388349514563|
| FASS |89.25|92.75|94.625|95.075|95.425|95.275|95.175|95.15|95.325|95.425|95.425|
| Random |89.25|92.175|93.2|93.525|93.775|94.0|94.675|94.7|94.725|94.675|94.825|
| One step Perturbation |89.25|90.775|91.625|93.15|93.25|94.225|94.25|94.0|94.45|94.675|95.225|
| BADGE |87.9|94.2|94.225|94.85|95.025|95.175|95.175|95.1|95.175|95.175|95.275|
---------------------------------------------------------------------


Unlabeled data Accuracy
---------------------------------------------------------------------
|Algo                            |34|68|102|136|170|204|238|272|306|340|374|
| One Step Taylor |88.08019774787147|91.65511505406155|93.03106633081444|93.27493642271828|94.17974322396576|94.32440218957073|94.6755891766075|94.73993535116074|95.51795785099436|96.0119940029985|96.6373826113299|
| Full One Step |88.08019774787147|92.18186858885501|94.17856143296949|93.67052839785251|94.95007132667618|94.84298473062518|94.87925516438754|94.88686453129591|94.83526268922529|94.84257871064467|94.91063314147227|
| Fac Loc Reg One Step |88.08019774787147|92.07097310784586|91.3797928911279|93.50098897993783|94.03708987161198|94.58369346009795|94.79196974105325|95.23949456362034|95.78509943603443|96.04197901049476|96.485913359588|
| Rand Reg One Step |88.08019774787147|91.6019955654102|92.78321678321679|93.87351778656127|94.69934454260473|94.82163406214039|94.88817891373802|95.42521994134897|95.73586023097424|96.29186602870813|96.49652672908486|
| Facility Location |88.08019774787147|90.76795120598835|91.29582983487266|91.35348968635208|91.61198288159771|91.44338807260155|91.99883619435555|92.71231266529533|92.81685960225586|92.86356821589206|92.91123901847925|
| FASS |88.08019774787147|91.90462988633213|94.09459837671425|94.74427804464538|96.03423680456491|96.28349178910976|96.62496363107361|96.76755803702615|96.97239536954586|97.09145427286357|97.2129657679491|
| Random |88.08019774787147|91.68283892431383|92.89112790372236|93.10539700480362|93.20970042796006|93.40247767214059|93.97730578993308|94.0346752865119|94.30097951914514|94.60269865067467|94.8803392911239|
| One step Perturbation |88.08019774787147|91.40560022179096|94.15057374755108|94.29217293020628|94.20827389443652|94.58369346009795|94.35554262438173|94.59300617102556|94.92430988423865|94.99250374812594|95.24386549530445|
| BADGE |90.57951112331777|93.81757693373994|93.59082003918276|94.71602147499294|94.97860199714694|95.04465571881302|95.4320628455048|95.62151043197179|95.6663698426833|95.98200899550226|96.18297485610421|
---------------------------------------------------------------------
