=======================================
sklearn-digits_fraction:0.3_epochs:200_no of selection:10 2020-09-08 23:12:47.106027
sklearn-digits :Budget =  0.3
Validation Accuracy
---------------------------------------------------------------------
|Algo                            |44|88|132|176|220|264|308|352|396|440|
| One Step Taylor |51.851851851851855|40.74074074074074|31.48148148148148|29.62962962962963|32.71604938271605|39.50617283950617|48.76543209876543|43.82716049382716|32.71604938271605|43.20987654320987|
| Fac Loc Reg One Step |51.851851851851855|40.123456790123456|32.098765432098766|37.03703703703704|38.27160493827161|37.65432098765432|41.358024691358025|43.20987654320987|40.123456790123456|45.06172839506173|
| Rand Reg One Step |51.851851851851855|43.82716049382716|42.592592592592595|31.48148148148148|31.48148148148148|38.888888888888886|45.67901234567901|37.65432098765432|30.246913580246915|36.41975308641975|
| Facility Location |51.851851851851855|69.75308641975309|53.7037037037037|64.19753086419753|66.66666666666667|65.4320987654321|60.49382716049383|70.98765432098766|61.72839506172839|59.876543209876544|
| FASS |51.851851851851855|44.44444444444444|33.333333333333336|40.74074074074074|40.74074074074074|40.123456790123456|38.27160493827161|43.82716049382716|44.44444444444444|42.592592592592595|
| Random |51.851851851851855|69.1358024691358|57.407407407407405|58.02469135802469|64.19753086419753|63.58024691358025|53.08641975308642|61.111111111111114|50.0|54.32098765432099|
| BADGE |76.54320987654322|80.8641975308642|88.27160493827161|91.9753086419753|93.82716049382717|93.20987654320987|91.9753086419753|93.82716049382717|93.20987654320987|94.44444444444444|
---------------------------------------------------------------------


Test Accuracy
---------------------------------------------------------------------
|Algo                            |44|88|132|176|220|264|308|352|396|440|
| One Step Taylor |46.111111111111114|30.555555555555557|29.444444444444443|28.333333333333332|27.22222222222222|32.22222222222222|48.333333333333336|46.666666666666664|35.55555555555556|43.333333333333336|
| Fac Loc Reg One Step |46.111111111111114|32.22222222222222|25.555555555555557|39.44444444444444|46.666666666666664|35.0|33.888888888888886|42.22222222222222|40.55555555555556|46.111111111111114|
| Rand Reg One Step |46.111111111111114|36.666666666666664|43.333333333333336|27.22222222222222|46.111111111111114|39.44444444444444|38.888888888888886|38.888888888888886|32.22222222222222|42.77777777777778|
| Facility Location |51.851851851851855|69.75308641975309|53.7037037037037|64.19753086419753|66.66666666666667|65.4320987654321|60.49382716049383|70.98765432098766|61.72839506172839|59.876543209876544|
| FASS |46.111111111111114|42.77777777777778|36.111111111111114|40.0|43.888888888888886|35.55555555555556|41.666666666666664|37.77777777777778|42.22222222222222|38.333333333333336|
| Random |46.111111111111114|71.11111111111111|62.22222222222222|63.888888888888886|66.11111111111111|63.888888888888886|63.333333333333336|71.11111111111111|67.77777777777777|60.0|
| BADGE |78.88888888888889|88.33333333333333|95.55555555555556|93.88888888888889|95.0|94.44444444444444|96.11111111111111|95.55555555555556|97.22222222222223|97.22222222222223|
---------------------------------------------------------------------


Unlabeled data Accuracy
---------------------------------------------------------------------
|Algo                            |44|88|132|176|220|264|308|352|396|440|
| One Step Taylor |47.62579730687456|35.40599853694221|35.22297808012094|28.459734167318217|27.044534412955464|26.86817800167926|43.85353095030514|35.17679057116954|38.62134088762984|40.88669950738916|
| Fac Loc Reg One Step |47.62579730687456|34.308705193855154|24.867724867724867|35.574667709147775|35.62753036437247|34.76070528967254|27.724498692240626|47.68812330009066|34.466477809254016|42.95566502463054|
| Rand Reg One Step |47.62579730687456|39.473684210526315|45.20754716981132|29.25117004680187|39.0637610976594|28.678929765886288|33.47788378143972|26.216216216216218|32.89597000937207|42.96875|
| Facility Location |47.62579730687456|63.93562545720556|56.840513983371125|62.705238467552775|61.78137651821862|65.57514693534844|60.505666957279864|73.07343608340888|61.756373937677054|56.354679802955665|
| FASS |47.62579730687456|44.84272128749085|41.345427059712776|37.06020328381548|43.48178137651822|36.4399664147775|34.78639930252834|37.896645512239346|43.626062322946176|36.45320197044335|
| Random |47.62579730687456|69.07366885485047|58.37716003005259|55.46088303640589|64.10871302957634|61.51940545004129|58.24081981212639|66.40141467727675|61.136571952337306|60.9895337773549|
| BADGE |81.71509567682494|86.61302121433796|92.29024943310658|92.9632525410477|95.62753036437248|96.97732997481108|98.256320836966|98.5494106980961|99.15014164305948|99.70443349753694|
---------------------------------------------------------------------
