=======================================
mnist_fraction:0.2_epochs:200_no of selection:10 2020-09-09 13:15:43.767259
mnist :Budget =  0.2
Validation Accuracy
---------------------------------------------------------------------
|Algo                            |795|1590|2385|3180|3975|4770|5565|6360|7155|7950|
| One Step Taylor |82.13333333333334|81.0|83.23333333333333|84.4|85.21666666666667|87.76666666666667|88.03333333333333|88.5|88.76666666666667|88.51666666666667|
| Fac Loc Reg One Step |82.13333333333334|77.95|72.33333333333333|79.51666666666667|80.76666666666667|80.66666666666667|82.63333333333334|83.46666666666667|82.65|84.46666666666667|
| Rand Reg One Step |82.13333333333334|83.03333333333333|85.83333333333333|88.0|89.76666666666667|88.81666666666666|89.93333333333334|88.86666666666666|88.66666666666667|89.28333333333333|
| Facility Location |82.13333333333334|81.01666666666667|81.31666666666666|83.55|84.53333333333333|83.48333333333333|87.13333333333334|86.2|85.41666666666667|83.95|
| FASS |82.13333333333334|90.13333333333334|92.46666666666667|92.6|91.88333333333334|91.73333333333333|90.6|87.45|89.38333333333334|84.98333333333333|
| Random |82.13333333333334|88.63333333333334|89.18333333333334|89.35|89.56666666666666|90.25|89.48333333333333|84.58333333333333|75.73333333333333|72.66666666666667|
| BADGE |87.8|91.98333333333333|94.91666666666667|95.38333333333334|95.06666666666666|95.91666666666667|95.56666666666666|95.8|96.53333333333333|96.83333333333333|
---------------------------------------------------------------------


Test Accuracy
---------------------------------------------------------------------
|Algo                            |795|1590|2385|3180|3975|4770|5565|6360|7155|7950|
| One Step Taylor |82.08|81.44|83.45|85.57|85.5|88.0|88.08|88.48|88.68|88.86|
| Fac Loc Reg One Step |82.08|78.77|72.53|79.88|80.32|81.25|83.12|84.28|83.27|84.48|
| Rand Reg One Step |82.08|83.42|85.86|88.74|89.55|88.9|90.02|89.32|89.27|89.1|
| Facility Location |82.13333333333334|81.01666666666667|81.31666666666666|83.55|84.53333333333333|83.48333333333333|87.13333333333334|86.2|85.41666666666667|83.95|
| FASS |82.08|89.32|91.88|92.19|92.25|91.46|91.31|87.98|89.64|85.86|
| Random |82.08|89.33|89.68|89.46|90.17|89.87|90.07|85.49|75.73|72.48|
| BADGE |88.4|92.07|94.58|95.64|95.21|95.59|95.6|95.86|96.46|96.34|
---------------------------------------------------------------------


Unlabeled data Accuracy
---------------------------------------------------------------------
|Algo                            |795|1590|2385|3180|3975|4770|5565|6360|7155|7950|
| One Step Taylor |90.87500321031409|86.51355461171413|91.65127051704287|89.65036112934996|93.0838716894594|94.57124878439448|95.92296660520385|96.62291741579767|97.37237928599933|96.96998300925051|
| Fac Loc Reg One Step |90.87500321031409|83.65319070840543|81.06942994082523|89.69413438389144|87.62759739351735|93.71889480006864|94.19615418386162|96.29629629629629|96.44841452558553|96.46969983009251|
| Rand Reg One Step |90.87500321031409|87.17195815746008|93.61964175747677|94.50417179592395|95.66007661978132|96.51385592129722|97.2990372516314|97.15689505377632|97.888599048642|98.474410996823|
| Facility Location |90.87500321031409|92.35750616118715|92.49738934854206|92.26034143138543|92.45182761417345|92.2001029689377|92.68299821465156|92.61057173678533|92.52233170641864|92.81354225662325|
| FASS |90.87500321031409|92.36012794295003|94.31279620853081|95.50776975268111|95.97561316665268|96.4046679251759|96.97368806157989|97.05441687642335|97.71924977745034|97.64332011830597|
| Random |90.87500321031409|91.1474034655412|91.26268169285542|90.61175376705773|91.30446935181821|90.70226083974048|89.37041260929321|94.30059568353938|95.04859429132048|95.34357620887926|
| BADGE |87.97669391974439|92.169433314253|94.84064709871161|95.8323494687131|95.80809595202399|96.62400975015234|96.96913389078146|97.45382031905962|98.00832532821005|98.48425624321389|
---------------------------------------------------------------------
