=======================================
usps_fraction:0.4_epochs:200_no of selection:10 2020-09-09 13:25:36.448472
usps :Budget =  0.4
Validation Accuracy
---------------------------------------------------------------------
|Algo                            |263|526|789|1052|1315|1578|1841|2104|2367|2630|
| One Step Taylor |92.87671232876713|92.05479452054794|93.15068493150685|95.06849315068493|95.20547945205479|97.67123287671232|93.97260273972603|94.79452054794521|81.36986301369863|88.63013698630137|
| Fac Loc Reg One Step |92.87671232876713|90.27397260273973|95.61643835616438|95.47945205479452|94.79452054794521|95.34246575342466|94.93150684931507|95.75342465753425|96.16438356164383|97.26027397260275|
| Rand Reg One Step |92.87671232876713|93.15068493150685|95.06849315068493|95.75342465753425|95.75342465753425|94.38356164383562|96.02739726027397|95.75342465753425|97.53424657534246|97.53424657534246|
| Facility Location |92.87671232876713|94.10958904109589|94.65753424657534|94.52054794520548|93.6986301369863|95.20547945205479|94.10958904109589|94.79452054794521|94.93150684931507|94.93150684931507|
| FASS |92.87671232876713|96.98630136986301|97.8082191780822|97.67123287671232|97.53424657534246|97.94520547945206|97.26027397260275|96.43835616438356|96.3013698630137|96.57534246575342|
| Random |92.87671232876713|92.6027397260274|93.15068493150685|94.79452054794521|95.34246575342466|95.06849315068493|95.75342465753425|95.34246575342466|94.10958904109589|94.79452054794521|
| BADGE |90.54794520547945|95.06849315068493|97.12328767123287|97.8082191780822|97.94520547945206|98.35616438356165|98.08219178082192|97.8082191780822|98.21917808219177|97.8082191780822|
---------------------------------------------------------------------


Test Accuracy
---------------------------------------------------------------------
|Algo                            |263|526|789|1052|1315|1578|1841|2104|2367|2630|
| One Step Taylor |89.33731938216243|88.5401096163428|90.28400597907324|90.88191330343797|90.3836571998007|91.28051818634778|88.93871449925261|90.03487792725461|78.22620827105132|84.30493273542601|
| Fac Loc Reg One Step |89.33731938216243|86.09865470852019|90.23418036870952|91.18086696562033|88.88888888888889|90.83208769307424|90.3836571998007|91.82859990034878|91.77877428998505|92.57598405580468|
| Rand Reg One Step |89.33731938216243|88.83906327852516|90.73243647234679|92.2272047832586|91.38016940707524|91.03139013452915|91.6791230692576|92.62580966616841|93.42301943198804|92.82511210762331|
| Facility Location |92.87671232876713|94.10958904109589|94.65753424657534|94.52054794520548|93.6986301369863|95.20547945205479|94.10958904109589|94.79452054794521|94.93150684931507|94.93150684931507|
| FASS |89.33731938216243|91.57947184853015|91.6791230692576|91.57947184853015|91.77877428998505|92.02790234180368|91.82859990034878|91.92825112107623|91.38016940707524|91.72894867962133|
| Random |89.33731938216243|88.93871449925261|90.13452914798206|90.68261086198306|90.23418036870952|90.03487792725461|90.78226208271052|90.9317389138017|88.09167912306926|90.03487792725461|
| BADGE |86.14848031888391|91.03139013452915|92.07772795216741|93.02441454907823|93.52267065271549|93.62232187344296|93.82162431489786|93.57249626307922|93.82162431489786|93.62232187344296|
---------------------------------------------------------------------


Unlabeled data Accuracy
---------------------------------------------------------------------
|Algo                            |263|526|789|1052|1315|1578|1841|2104|2367|2630|
| One Step Taylor |93.20419180692284|91.48301574150787|94.33471933471934|95.77055726992195|96.8356843309188|97.3710616094722|96.33474576271186|97.12811308054745|85.97997138769671|92.13940473162046|
| Fac Loc Reg One Step |93.20419180692284|88.68268434134217|94.28274428274429|95.26229805772373|94.73884864658788|96.24724061810154|97.01271186440678|98.31725375813328|98.64091559370529|99.00788603408802|
| Rand Reg One Step |93.20419180692284|92.7766732935719|95.80879806027018|96.66182873730044|97.52380952380952|97.67441860465117|98.39187473550571|99.19354838709677|99.40504521656354|99.56852791878173|
| Facility Location |93.20419180692284|93.2394366197183|92.56756756756756|92.77545834089672|92.79451010293558|93.33734697973108|93.28389830508475|93.33632488220776|92.68001907486887|93.41134571355889|
| FASS |93.20419180692284|95.12841756420879|95.07969507969509|95.51642766382284|95.9778879146016|96.36765001003411|96.58898305084746|96.9710567646399|97.42489270386267|96.99821928262529|
| Random |93.20419180692284|92.56376283537595|93.59640013845622|93.67524465386009|93.45758843666793|93.5374149659864|94.63908822287885|94.08217954443948|92.53200568990043|94.03739262253663|
| BADGE |90.21911718005717|94.44904722452361|96.81219681219682|98.36630967507715|99.16126572626763|99.55849889624724|99.7457627118644|99.82050706753422|99.85693848354792|99.84736708216738|
---------------------------------------------------------------------
