=======================================
dna_fraction:0.3_epochs:200_no of selection:10 2020-09-08 19:51:44.857892
dna :Budget =  0.3
Validation Accuracy
---------------------------------------------------------------------
|Algo                            |42|84|126|168|210|252|294|336|378|420|
| One Step Taylor |54.5|74.83333333333333|83.66666666666667|87.33333333333333|88.16666666666667|89.16666666666667|91.66666666666667|93.0|95.16666666666667|95.0|
| Fac Loc Reg One Step |54.5|74.83333333333333|83.83333333333333|85.0|88.16666666666667|90.66666666666667|87.33333333333333|88.0|89.0|91.0|
| Rand Reg One Step |54.5|79.33333333333333|84.33333333333333|87.5|87.66666666666667|89.33333333333333|91.66666666666667|91.16666666666667|93.66666666666667|95.0|
| Facility Location |54.5|61.333333333333336|70.16666666666667|69.66666666666667|71.66666666666667|74.33333333333333|74.5|76.0|75.16666666666667|75.5|
| FASS |54.5|58.666666666666664|63.333333333333336|64.66666666666667|69.0|68.5|71.66666666666667|74.16666666666667|73.33333333333333|73.16666666666667|
| Random |54.5|72.0|76.83333333333333|77.83333333333333|80.83333333333333|80.83333333333333|82.33333333333333|84.16666666666667|86.0|88.5|
| BADGE |41.5|65.83333333333333|79.83333333333333|82.5|81.66666666666667|84.33333333333333|85.83333333333333|87.83333333333333|90.66666666666667|90.16666666666667|
---------------------------------------------------------------------


Test Accuracy
---------------------------------------------------------------------
|Algo                            |42|84|126|168|210|252|294|336|378|420|
| One Step Taylor |57.67284991568297|74.45193929173693|82.04047217537942|83.89544688026982|85.66610455311972|87.68971332209107|89.46037099494097|90.893760539629|91.39966273187184|91.31534569983137|
| Fac Loc Reg One Step |57.67284991568297|74.45193929173693|80.94435075885329|84.48566610455312|87.18381112984822|88.44856661045532|86.08768971332209|88.44856661045532|89.29173693086004|91.14671163575042|
| Rand Reg One Step |57.67284991568297|78.49915682967959|80.52276559865092|85.49747048903879|87.35244519392917|88.1956155143339|89.46037099494097|89.3760539629005|91.39966273187184|91.65261382799325|
| Facility Location |54.5|61.333333333333336|70.16666666666667|69.66666666666667|71.66666666666667|74.33333333333333|74.5|76.0|75.16666666666667|75.5|
| FASS |57.67284991568297|61.63575042158516|65.34569983136593|69.47723440134908|71.16357504215851|70.9106239460371|74.28330522765599|76.30691399662732|74.95784148397976|76.22259696458684|
| Random |57.67284991568297|71.66947723440136|74.87352445193929|76.30691399662732|79.42664418212479|81.78752107925801|82.96795952782462|82.79932546374367|84.82293423271501|85.66610455311972|
| BADGE |41.989881956155145|66.61045531197301|79.00505902192243|80.35413153456999|82.54637436762226|83.81112984822934|85.66610455311972|87.18381112984822|89.79763912310287|90.13490725126475|
---------------------------------------------------------------------


Unlabeled data Accuracy
---------------------------------------------------------------------
|Algo                            |42|84|126|168|210|252|294|336|378|420|
| One Step Taylor |54.78645066273932|77.27963525835867|82.41758241758242|86.93181818181819|87.47899159663865|89.37282229965157|91.77215189873418|93.23308270676692|94.9119373776908|95.40816326530613|
| Fac Loc Reg One Step |54.78645066273932|77.27963525835867|84.7723704866562|87.09415584415585|90.58823529411765|91.98606271777004|91.13924050632912|92.95112781954887|94.52054794520548|96.42857142857143|
| Rand Reg One Step |54.78645066273932|79.04328018223235|85.57993730407523|85.4251012145749|86.76716917922948|90.54640069384214|91.54676258992805|93.93090569561157|95.24271844660194|95.5510616784631|
| Facility Location |54.78645066273932|59.27051671732523|66.2480376766091|65.58441558441558|67.56302521008404|70.73170731707317|69.98191681735986|70.30075187969925|70.3522504892368|69.79591836734694|
| FASS |54.78645066273932|60.17764618800888|63.913690476190474|67.31488406881077|69.32330827067669|69.53892668178382|72.49240121580547|74.8663101604278|75.49923195084486|76.37065637065638|
| Random |54.78645066273932|71.88449848024317|74.88226059654632|77.67857142857143|79.49579831932773|78.74564459930313|80.6509945750452|83.17669172932331|84.24657534246575|85.71428571428571|
| BADGE |40.35346097201767|67.32522796352583|81.00470957613815|82.5487012987013|83.94957983193277|85.19163763066202|88.15551537070525|89.19172932330827|91.48727984344423|91.53061224489795|
---------------------------------------------------------------------
