=======================================
usps_fraction:0.3_epochs:200_no of selection:10 2020-09-12 19:59:54.961111
usps :Budget =  0.3
Validation Accuracy
---------------------------------------------------------------------
|Algo                            |197|394|591|788|985|1182|1379|1576|1773|1970|
| One Step Taylor |90.95890410958904|94.93150684931507|95.47945205479452|96.16438356164383|96.84931506849315|95.47945205479452|96.71232876712328|96.84931506849315|96.16438356164383|96.43835616438356|
| Fac Loc Reg One Step |90.95890410958904|95.75342465753425|95.61643835616438|96.3013698630137|96.43835616438356|95.75342465753425|96.57534246575342|96.98630136986301|96.43835616438356|97.26027397260275|
| Rand Reg One Step |90.95890410958904|95.06849315068493|95.61643835616438|96.43835616438356|96.3013698630137|96.02739726027397|96.3013698630137|96.84931506849315|96.98630136986301|96.84931506849315|
| Facility Location |90.95890410958904|94.10958904109589|94.52054794520548|94.93150684931507|94.52054794520548|94.65753424657534|94.79452054794521|94.65753424657534|94.52054794520548|94.38356164383562|
| FASS |90.95890410958904|96.16438356164383|96.57534246575342|97.12328767123287|97.12328767123287|97.12328767123287|96.84931506849315|96.71232876712328|96.3013698630137|96.16438356164383|
| Random |90.95890410958904|93.15068493150685|93.6986301369863|95.20547945205479|94.79452054794521|93.83561643835617|93.56164383561644|95.20547945205479|96.16438356164383|95.75342465753425|
| BADGE |90.95890410958904|94.93150684931507|96.57534246575342|97.94520547945206|97.8082191780822|98.08219178082192|98.35616438356165|98.21917808219177|98.35616438356165|98.08219178082192|
---------------------------------------------------------------------


Test Accuracy
---------------------------------------------------------------------
|Algo                            |197|394|591|788|985|1182|1379|1576|1773|1970|
| One Step Taylor |86.14848031888391|90.03487792725461|90.9317389138017|91.57947184853015|91.97807673143996|91.72894867962133|91.97807673143996|92.57598405580468|92.07772795216741|92.4265072247135|
| Fac Loc Reg One Step |86.14848031888391|89.63627304434479|90.73243647234679|91.38016940707524|91.03139013452915|91.72894867962133|91.92825112107623|91.77877428998505|92.37668161434978|92.62580966616841|
| Rand Reg One Step |86.14848031888391|89.03836571998006|90.3836571998007|91.28051818634778|91.72894867962133|91.6791230692576|92.12755356253115|92.27703039362233|92.27703039362233|92.47633283507723|
| Facility Location |86.14848031888391|88.58993522670653|89.23766816143498|90.03487792725461|89.23766816143498|89.88540109616343|89.78574987543597|90.13452914798206|89.98505231689089|90.33383158943697|
| FASS |86.14848031888391|90.18435475834579|90.78226208271052|91.23069257598405|91.4798206278027|91.08121574489287|91.72894867962133|91.8784255107125|91.92825112107623|92.17737917289487|
| Random |86.14848031888391|88.78923766816143|89.43697060288989|90.13452914798206|90.5829596412556|89.08819133034379|89.38714499252616|90.73243647234679|90.98156452416542|91.03139013452915|
| BADGE |86.09865470852019|89.63627304434479|92.32685600398605|92.82511210762331|92.82511210762331|93.17389138016941|93.62232187344296|93.47284504235176|93.52267065271549|93.62232187344296|
---------------------------------------------------------------------


Unlabeled data Accuracy
---------------------------------------------------------------------
|Algo                            |197|394|591|788|985|1182|1379|1576|1773|1970|
| One Step Taylor |90.901948460088|93.93546294794876|95.76214405360135|96.27576649922051|97.23816355810617|97.76910206358059|98.37900424546507|98.81644934804413|98.78863826232248|98.99803964277935|
| Fac Loc Reg One Step |90.901948460088|93.40035673747364|94.87437185929649|96.58756279230903|96.87948350071736|97.69473879903327|98.47549208799691|98.57572718154464|98.95572263993317|99.08516663036376|
| Rand Reg One Step |90.901948460088|93.15823605706875|95.47890154052244|96.52008310249307|96.89964157706093|97.6225854383358|98.11102544333076|98.41746794871794|98.83236030025022|99.04347826086956|
| Facility Location |90.901948460088|92.75174314901898|93.45058626465662|93.79871817079508|93.2209469153515|93.56757761665737|93.2072558857584|93.15947843530591|93.54636591478696|93.35656719668917|
| FASS |90.901948460088|94.32463110102157|95.32663316582915|95.58288584791269|96.10832137733142|96.26324595649749|96.66152064839831|96.81043129388165|97.03425229741019|97.21193639729907|
| Random |90.901948460088|92.30644638807904|93.31550802139037|93.68312046945115|94.05781584582441|93.516808274843|94.06584992343032|94.59674215335717|94.92155243600331|95.05801461108723|
| BADGE |90.901948460088|94.4057077995784|96.24790619765494|97.66152780183613|98.65494978479197|99.31213980293735|99.57545349285989|99.69909729187563|99.72848788638262|99.73861903724679|
---------------------------------------------------------------------
