=======================================
red_conv_shift_large_linsep_4_fraction:0.1_epochs:200_no of selection:10 2020-08-31 00:54:11.754395
red_conv_shift_large_linsep_4 :Budget =  0.1
Validation Accuracy
---------------------------------------------------------------------
|Algo                            |35|70|105|140|175|210|245|280|315|350|
| Taylor Online |76.2|87.0|84.2|75.8|80.0|80.8|82.0|81.6|81.6|82.4|
| Full OneStep |76.2|87.0|84.0|75.6|79.6|80.6|82.0|81.8|82.2|82.6|
| Facloc Regularized |76.2|84.6|79.2|81.8|80.0|81.0|82.6|81.6|82.8|82.8|
| Random Greedy |76.2|86.6|83.8|76.2|79.6|80.6|81.4|82.0|81.4|81.6|
| Facility Location |78.2|78.4|78.0|77.4|78.0|78.8|79.4|79.4|79.4|79.4|
| FASS |76.2|82.0|90.4|87.0|86.4|84.0|82.8|82.0|81.6|80.6|
| Random |76.2|79.6|81.8|80.0|77.8|77.2|78.0|78.2|78.0|78.4|
| Random Perturbation |76.2|85.6|86.0|84.4|82.0|81.8|81.8|81.6|81.4|81.0|
| BADGE |77.8|78.8|78.4|78.4|77.8|78.0|77.2|77.8|77.4|77.2|
---------------------------------------------------------------------


Test Accuracy
---------------------------------------------------------------------
|Algo                            |35|70|105|140|175|210|245|280|315|350|
| Taylor Online |76.2|88.4|84.6|76.6|81.4|81.3|82.8|82.7|83.0|83.4|
| Full OneStep |76.2|88.3|84.4|76.8|80.4|80.9|83.1|82.9|83.1|83.6|
| Facloc Regularized |76.2|85.3|80.2|80.9|80.4|81.4|83.4|82.5|83.4|83.3|
| Random Greedy |76.2|87.2|84.2|77.3|81.1|80.8|82.5|83.0|82.8|82.8|
| Facility Location |78.2|78.4|78.0|77.4|78.0|78.8|79.4|79.4|79.4|79.4|
| FASS |76.2|81.7|89.8|86.5|85.7|84.3|83.8|83.0|82.9|81.9|
| Random |76.2|80.5|82.6|80.2|79.1|78.7|78.7|78.8|78.5|78.7|
| Random Perturbation |76.2|87.0|85.8|84.6|83.0|83.5|83.0|82.6|82.2|81.6|
| BADGE |77.6|79.3|79.7|79.3|78.5|78.4|77.5|78.1|78.1|77.8|
---------------------------------------------------------------------


Unlabeled data Accuracy
---------------------------------------------------------------------
|Algo                            |35|70|105|140|175|210|245|280|315|350|
| Taylor Online |96.68109668109668|95.07288629737609|97.9381443298969|98.63095238095238|98.88721804511279|99.27051671732522|99.17050691244239|99.44099378881988|99.52904238618524|99.58730158730158|
| Full OneStep |96.68109668109668|95.1603498542274|97.9381443298969|98.69047619047619|98.85714285714286|99.27051671732522|99.17050691244239|99.44099378881988|99.52904238618524|99.55555555555556|
| Facloc Regularized |96.68109668109668|97.25947521865889|98.379970544919|98.30357142857143|98.9172932330827|99.14893617021276|98.9247311827957|99.28571428571429|99.24646781789639|99.42857142857143|
| Random Greedy |96.68109668109668|95.65724278635966|97.99823373564911|98.63217365447517|98.82847702012616|99.18057663125948|99.26402943882245|99.25627517818407|99.43626683369871|99.49351060462172|
| Facility Location |97.63347763347764|97.8134110787172|97.9381443298969|97.85714285714286|97.95488721804512|98.02431610942249|98.00307219662058|98.01242236024845|98.02197802197803|98.0|
| FASS |96.68109668109668|96.00583090379008|94.96318114874816|96.81547619047619|97.38345864661655|97.87234042553192|98.24884792626727|98.4472049689441|98.55572998430141|98.73015873015873|
| Random |96.68109668109668|97.25947521865889|97.67304860088365|97.88690476190476|97.89473684210526|97.99392097264437|97.97235023041475|97.98136645962732|98.02197802197803|98.03174603174604|
| Random Perturbation |96.68109668109668|94.98542274052478|96.25920471281296|96.54761904761905|96.9624060150376|97.08206686930092|96.98924731182795|97.20496894409938|97.33124018838305|97.65079365079364|
| BADGE |97.28862973760933|97.2901325478645|97.76785714285714|97.80451127819549|97.99392097264437|98.15668202764977|98.38509316770187|98.39874411302982|98.60317460317461|98.68378812199037|
---------------------------------------------------------------------
