=======================================
dna_fraction:0.2_epochs:200_no of selection:10 2020-09-09 22:39:45.820299
dna :Budget =  0.2
Validation Accuracy
---------------------------------------------------------------------
|Algo                            |28|56|84|112|140|168|196|224|252|280|
| One Step Taylor |50.166666666666664|78.0|84.66666666666667|86.33333333333333|89.16666666666667|88.16666666666667|90.16666666666667|92.16666666666667|93.5|93.16666666666667|
| Fac Loc Reg One Step |50.166666666666664|78.0|84.33333333333333|86.0|88.33333333333333|89.5|90.16666666666667|90.83333333333333|92.16666666666667|92.33333333333333|
| Rand Reg One Step |50.166666666666664|77.83333333333333|82.5|86.0|88.66666666666667|91.66666666666667|92.16666666666667|92.0|92.33333333333333|93.16666666666667|
| Facility Location |50.166666666666664|70.33333333333333|79.0|79.33333333333333|83.16666666666667|85.5|83.66666666666667|85.0|84.83333333333333|85.16666666666667|
| FASS |50.166666666666664|76.16666666666667|82.83333333333333|87.66666666666667|88.66666666666667|91.0|91.83333333333333|93.33333333333333|93.66666666666667|93.33333333333333|
| Random |50.166666666666664|74.33333333333333|81.16666666666667|83.5|85.83333333333333|86.16666666666667|88.0|87.33333333333333|88.16666666666667|89.0|
| BADGE |39.333333333333336|68.66666666666667|75.0|77.0|80.0|81.16666666666667|84.66666666666667|85.33333333333333|87.83333333333333|88.5|
---------------------------------------------------------------------


Test Accuracy
---------------------------------------------------------------------
|Algo                            |28|56|84|112|140|168|196|224|252|280|
| One Step Taylor |51.011804384485664|80.01686340640809|84.14839797639124|85.91905564924114|87.60539629005059|87.94266441821247|89.29173693086004|89.96627318718382|90.47217537942664|91.31534569983137|
| Fac Loc Reg One Step |51.011804384485664|80.01686340640809|85.58178752107926|86.84654300168634|87.77403035413154|87.94266441821247|88.44856661045532|90.47217537942664|91.90556492411467|91.65261382799325|
| Rand Reg One Step |51.011804384485664|80.52276559865092|84.06408094435076|85.83473861720067|86.42495784148397|89.29173693086004|89.88195615514334|90.13490725126475|89.88195615514334|91.56829679595278|
| Facility Location |50.166666666666664|70.33333333333333|79.0|79.33333333333333|83.16666666666667|85.5|83.66666666666667|85.0|84.83333333333333|85.16666666666667|
| FASS |51.011804384485664|79.67959527824621|83.30522765598651|87.52107925801012|88.1956155143339|89.7133220910624|89.46037099494097|90.21922428330522|91.39966273187184|91.39966273187184|
| Random |51.011804384485664|76.72849915682968|81.45025295109612|82.96795952782462|83.6424957841484|84.48566610455312|84.31703204047217|85.41315345699832|86.50927487352445|86.93086003372682|
| BADGE |38.195615514333895|67.70657672849916|76.13827993254637|74.78920741989882|80.35413153456999|82.46205733558179|83.30522765598651|82.88364249578414|86.6779089376054|85.7504215851602|
---------------------------------------------------------------------


Unlabeled data Accuracy
---------------------------------------------------------------------
|Algo                            |28|56|84|112|140|168|196|224|252|280|
| One Step Taylor |49.927113702623906|80.35714285714286|85.1823708206687|87.81055900621118|90.55555555555556|91.07142857142857|92.44186046511628|92.77210884353741|94.07665505226481|94.46428571428571|
| Fac Loc Reg One Step |49.927113702623906|80.35714285714286|86.93009118541033|88.74223602484471|91.11111111111111|92.28896103896103|92.85714285714286|94.30272108843538|95.64459930313589|96.33928571428571|
| Rand Reg One Step |49.927113702623906|80.89219330855019|85.28072837632777|88.07126258714175|89.87341772151899|91.43088116410671|93.47107438016529|93.49112426035504|94.11764705882354|94.95128432240921|
| Facility Location |49.927113702623906|68.67559523809524|79.1033434650456|77.87267080745342|81.26984126984127|81.41233766233766|82.80730897009967|83.50340136054422|84.3205574912892|83.92857142857143|
| FASS |49.927113702623906|78.27380952380952|85.41033434650456|89.1304347826087|91.26984126984127|91.96428571428571|93.43853820598007|94.5578231292517|95.47038327526133|95.89285714285714|
| Random |49.927113702623906|76.57992565055763|82.77693474962064|83.34624322230829|84.41455696202532|84.72109943411479|85.2892561983471|85.46069315300085|86.67820069204153|86.80248007085916|
| BADGE |36.9533527696793|69.56845238095238|76.21580547112463|78.80434782608695|82.22222222222223|83.52272727272727|86.62790697674419|85.96938775510205|89.11149825783973|88.57142857142857|
---------------------------------------------------------------------
