=======================================
usps_fraction:0.2_epochs:200_no of selection:10 2020-09-12 17:22:24.873997
usps :Budget =  0.2
Validation Accuracy
---------------------------------------------------------------------
|Algo                            |132|264|396|528|660|792|924|1056|1188|1320|
| One Step Taylor |88.76712328767124|92.73972602739725|95.06849315068493|94.52054794520548|95.89041095890411|95.61643835616438|96.02739726027397|95.89041095890411|96.43835616438356|96.57534246575342|
| Fac Loc Reg One Step |88.76712328767124|93.15068493150685|95.20547945205479|95.61643835616438|95.75342465753425|96.43835616438356|96.98630136986301|96.84931506849315|96.16438356164383|96.3013698630137|
| Rand Reg One Step |88.76712328767124|93.56164383561644|95.34246575342466|96.02739726027397|95.34246575342466|95.61643835616438|95.75342465753425|95.75342465753425|96.16438356164383|96.71232876712328|
| Facility Location |88.76712328767124|91.64383561643835|94.10958904109589|93.97260273972603|93.97260273972603|94.79452054794521|93.97260273972603|94.24657534246575|94.10958904109589|93.6986301369863|
| FASS |88.76712328767124|92.32876712328768|95.06849315068493|96.43835616438356|95.75342465753425|96.3013698630137|96.84931506849315|96.98630136986301|96.98630136986301|96.57534246575342|
| Random |88.76712328767124|91.36986301369863|94.24657534246575|94.65753424657534|94.24657534246575|94.10958904109589|94.10958904109589|94.38356164383562|94.93150684931507|94.24657534246575|
| BADGE |88.76712328767124|92.32876712328768|94.38356164383562|96.43835616438356|96.57534246575342|97.12328767123287|97.3972602739726|97.94520547945206|98.21917808219177|98.08219178082192|
---------------------------------------------------------------------


Test Accuracy
---------------------------------------------------------------------
|Algo                            |132|264|396|528|660|792|924|1056|1188|1320|
| One Step Taylor |84.55406078724464|88.49028400597908|89.68609865470852|89.88540109616343|91.28051818634778|91.1310413552566|91.57947184853015|91.77877428998505|91.72894867962133|91.52964623816642|
| Fac Loc Reg One Step |84.55406078724464|87.89237668161435|89.8355754857997|91.23069257598405|91.57947184853015|91.42999501743897|91.03139013452915|91.62929745889387|91.97807673143996|91.8784255107125|
| Rand Reg One Step |84.55406078724464|87.9920279023418|89.73592426507224|90.48330842052815|90.3836571998007|91.18086696562033|91.52964623816642|91.62929745889387|91.92825112107623|92.27703039362233|
| Facility Location |84.55406078724464|86.84603886397609|88.09167912306926|88.34080717488789|88.34080717488789|88.24115595416043|88.19133034379671|87.9920279023418|88.19133034379671|88.39063278525163|
| FASS |84.55406078724464|87.34429496761335|90.53313403089187|90.63278525161934|90.53313403089187|90.9317389138017|91.52964623816642|91.72894867962133|91.72894867962133|91.82859990034878|
| Random |84.55406078724464|88.24115595416043|89.08819133034379|89.03836571998006|89.78574987543597|89.33731938216243|89.98505231689089|90.13452914798206|90.08470353761834|89.08819133034379|
| BADGE |84.55406078724464|88.34080717488789|91.18086696562033|92.02790234180368|92.4265072247135|92.57598405580468|93.22371699053313|93.42301943198804|93.72197309417041|93.82162431489786|
---------------------------------------------------------------------


Unlabeled data Accuracy
---------------------------------------------------------------------
|Algo                            |132|264|396|528|660|792|924|1056|1188|1320|
| One Step Taylor |88.24078394773682|91.67857710020645|94.25790754257908|94.9113210674623|96.28876461616674|96.845207141619|97.46318963987937|97.8928247048138|98.19467708914945|98.45449341728678|
| Fac Loc Reg One Step |88.24078394773682|91.12275686835001|94.17680454176805|95.49146361677441|96.17014065412641|96.96654532847981|97.42770977470286|98.00181653042688|98.3249581239531|98.47357374546843|
| Rand Reg One Step |88.24078394773682|92.2197523023182|93.83817090968056|95.12922465208747|95.20745131244708|96.31104953238656|96.75704412546517|97.5145137880987|98.01152202192901|98.34285714285714|
| Facility Location |88.24078394773682|90.74162299507702|92.29521492295216|92.45814685894248|92.34028130825284|92.3556942277691|92.2299095263438|92.2252497729337|92.25758421738321|92.0244228200725|
| FASS |88.24078394773682|90.86866761950135|94.17680454176805|94.59638654069286|95.15336383663785|95.83983359334373|96.13269469576015|96.65758401453225|96.66852782430672|97.06162946002671|
| Random |88.24078394773682|91.68121924114939|93.12692494731724|93.02864712700779|93.19681841259096|93.1995154871085|93.66259514958399|93.94817901793803|93.76507700872148|93.4208024339228|
| BADGE |88.24078394773682|92.45672542480547|94.56609894566098|96.0550306646776|96.91577698695136|97.81591263650546|98.52758559517474|99.01907356948229|99.3858179787828|99.59931310818546|
---------------------------------------------------------------------
