=======================================
ijcnn1_fraction:0.1_epochs:200_no of selection:10 2020-09-09 13:00:00.789006
ijcnn1 :Budget =  0.1
Validation Accuracy
---------------------------------------------------------------------
|Algo                            |350|700|1050|1400|1750|2100|2450|2800|3150|3500|
| One Step Taylor |90.77384923282189|86.31087391594396|91.87458305537025|94.04269513008673|94.58972648432288|93.28218812541695|95.45697131420947|95.51701134089393|95.49699799866578|95.28352234823215|
| Fac Loc Reg One Step |90.77384923282189|86.31087391594396|92.7484989993329|95.21681120747165|93.8292194796531|95.58372248165443|96.2908605737158|96.57771847898599|95.67044696464309|92.11474316210807|
| Rand Reg One Step |90.77384923282189|85.12341561040694|94.09606404269513|96.51767845230154|96.63108739159439|95.41027351567712|95.75717144763175|97.24482988659106|92.91527685123415|96.25083388925951|
| Facility Location |90.77384923282189|90.5003335557038|90.59372915276852|90.04669779853235|90.20013342228152|89.12608405603736|90.4336224149433|89.81987991994663|89.4996664442962|91.23415610406938|
| FASS |90.77384923282189|93.20880587058039|91.98132088058706|94.96997998665778|96.2775183455637|96.77785190126751|96.7244829886591|96.32421614409607|96.11741160773849|94.41627751834557|
| Random |90.77384923282189|90.56037358238827|87.95196797865243|91.60773849232822|91.63442294863242|91.27418278852568|95.15677118078719|93.64242828552368|92.44162775183456|90.34022681787859|
| BADGE |90.41360907271515|90.95396931287524|92.27484989993329|92.8552368245497|94.06937958639092|94.38292194796531|95.63709139426284|95.84389593062042|95.91060707138092|96.29753168779186|
---------------------------------------------------------------------


Test Accuracy
---------------------------------------------------------------------
|Algo                            |350|700|1050|1400|1750|2100|2450|2800|3150|3500|
| One Step Taylor |90.67294795040404|86.37637539394336|92.94337030130534|94.47443321228776|95.86155003762227|94.6369178089661|96.2334107588794|94.52459624213476|96.4449678847559|95.74268546689785|
| Fac Loc Reg One Step |90.67294795040404|86.37637539394336|93.54968866206475|95.97278110380476|94.9444389919412|96.08946467323148|96.9051591585697|97.06655325459919|95.5616623591891|93.70344925355231|
| Rand Reg One Step |90.67294795040404|88.61081122343268|93.56604617179747|95.98041460834669|96.19524323616973|95.81356800907297|94.8419319309495|96.70559753983053|93.99570342744354|96.79065659044068|
| Facility Location |90.77384923282189|90.5003335557038|90.59372915276852|90.04669779853235|90.20013342228152|89.12608405603736|90.4336224149433|89.81987991994663|89.4996664442962|91.23415610406938|
| FASS |90.67294795040404|92.7558041897035|91.53444346299386|95.40135876380846|96.32501281338263|96.53329843731257|96.00004362002595|96.23886326212364|96.27812128548217|95.71542295067665|
| Random |90.67294795040404|90.19530866620866|90.73728748868605|93.2705204959597|92.89756927405372|92.55842357226203|94.75905388163706|94.29777210717441|92.60858660210903|91.93792870306758|
| BADGE |90.558445382275|90.92703460158559|91.4646514214676|92.35668095222516|93.92263988397073|94.92917198285733|95.88117904930154|96.48640690941211|96.80156159692915|97.02075222734757|
---------------------------------------------------------------------


Unlabeled data Accuracy
---------------------------------------------------------------------
|Algo                            |350|700|1050|1400|1750|2100|2450|2800|3150|3500|
| One Step Taylor |91.45165945165945|82.83673469387755|92.58321060382916|95.6547619047619|96.64360902255639|96.05471124620061|97.12135176651306|96.72981366459628|98.10989010989012|97.6952380952381|
| Fac Loc Reg One Step |91.45165945165945|82.83673469387755|92.75110456553756|95.88095238095238|95.4796992481203|96.94528875379939|97.44393241167435|97.8975155279503|97.25902668759812|92.4888888888889|
| Rand Reg One Step |91.45165945165945|89.52769679300292|94.68924889543446|95.7827380952381|96.69172932330827|97.47112462006079|97.84639016897081|97.93788819875776|95.6734693877551|98.05396825396825|
| Facility Location |91.45165945165945|91.05539358600583|91.42268041237114|91.82142857142857|91.99097744360903|91.24620060790274|91.4347158218126|91.4968944099379|91.19309262166405|91.72380952380952|
| FASS |91.45165945165945|93.63556851311954|93.77319587628865|95.91666666666667|96.87218045112782|97.41641337386018|97.96006144393242|98.0248447204969|97.97174254317112|98.13968253968254|
| Random |91.45165945165945|90.27696793002916|90.07952871870398|92.18154761904762|93.11278195488721|91.29787234042553|92.00921658986175|93.09006211180125|89.77080062794349|91.64761904761905|
| BADGE |90.3001443001443|91.6064139941691|92.9720176730486|94.48809523809524|96.02406015037594|96.8176291793313|97.37941628264208|97.94099378881988|98.27629513343798|98.66349206349206|
---------------------------------------------------------------------
