=======================================
svmguide1_fraction:0.2_epochs:200_no of selection:10 2020-09-06 17:44:26.930789
svmguide1 :Budget =  0.2
Validation Accuracy
---------------------------------------------------------------------
|Algo                            |56|112|168|224|280|336|392|448|504|560|
| One Step Taylor |91.91919191919192|92.42424242424242|94.94949494949495|93.93939393939394|94.94949494949495|94.44444444444444|94.44444444444444|94.94949494949495|94.44444444444444|94.44444444444444|
| Fac Loc Reg One Step |91.91919191919192|92.42424242424242|94.44444444444444|94.44444444444444|94.44444444444444|94.44444444444444|93.93939393939394|94.44444444444444|94.44444444444444|94.44444444444444|
| Rand Reg One Step |91.91919191919192|91.91919191919192|95.45454545454545|91.91919191919192|94.44444444444444|94.94949494949495|94.44444444444444|94.44444444444444|94.44444444444444|94.44444444444444|
| Facility Location |91.91919191919192|93.43434343434343|93.43434343434343|93.43434343434343|93.43434343434343|93.43434343434343|93.43434343434343|93.43434343434343|93.43434343434343|93.43434343434343|
| FASS |91.91919191919192|93.43434343434343|95.95959595959596|95.95959595959596|95.95959595959596|95.95959595959596|95.95959595959596|95.45454545454545|94.94949494949495|94.94949494949495|
| Random |91.91919191919192|92.92929292929293|92.92929292929293|92.92929292929293|92.92929292929293|92.92929292929293|92.92929292929293|92.92929292929293|92.92929292929293|93.43434343434343|
| BADGE |90.9090909090909|93.43434343434343|93.43434343434343|94.94949494949495|95.95959595959596|95.95959595959596|94.94949494949495|95.95959595959596|94.44444444444444|94.44444444444444|
---------------------------------------------------------------------


Test Accuracy
---------------------------------------------------------------------
|Algo                            |56|112|168|224|280|336|392|448|504|560|
| One Step Taylor |91.0|92.25|95.05|93.65|95.1|95.3|94.9|94.975|94.975|94.675|
| Fac Loc Reg One Step |91.0|91.975|94.35|94.375|95.075|95.125|94.9|94.6|94.85|94.85|
| Rand Reg One Step |91.0|92.25|95.125|92.975|95.175|95.175|94.85|95.325|95.1|95.175|
| Facility Location |91.91919191919192|93.43434343434343|93.43434343434343|93.43434343434343|93.43434343434343|93.43434343434343|93.43434343434343|93.43434343434343|93.43434343434343|93.43434343434343|
| FASS |91.0|94.325|94.9|94.725|94.7|94.475|94.6|94.625|94.625|94.8|
| Random |91.0|92.325|92.95|93.35|93.875|94.0|94.15|94.275|94.2|94.275|
| BADGE |90.025|94.0|94.35|94.725|95.0|95.075|95.1|95.1|95.2|95.2|
---------------------------------------------------------------------


Unlabeled data Accuracy
---------------------------------------------------------------------
|Algo                            |56|112|168|224|280|336|392|448|504|560|
| One Step Taylor |90.41850220264317|92.84107946026987|95.55895865237366|94.40532081377152|96.8|97.74959083469722|97.78056951423785|98.19897084048027|98.4622144112478|98.37837837837837|
| Fac Loc Reg One Step |90.41850220264317|92.24137931034483|94.79326186830015|95.22691705790298|96.84|97.70867430441899|98.1574539363484|97.94168096054888|98.50615114235501|98.55855855855856|
| Rand Reg One Step |90.41850220264317|92.80629449231922|95.29456771231828|93.70847987495115|96.36581469648563|97.46835443037975|97.36842105263158|97.99059427105601|98.07355516637477|98.25033647375504|
| Facility Location |90.41850220264317|91.904047976012|92.49617151607963|92.72300469483568|93.08|93.28968903436989|93.42546063651591|93.39622641509433|93.23374340949033|93.42342342342343|
| FASS |90.41850220264317|93.96551724137932|95.06125574272588|95.57902973395932|95.64|95.90834697217676|96.27303182579564|96.52658662092624|96.74868189806678|96.98198198198199|
| Random |90.41850220264317|90.85457271364318|91.27105666156203|92.13615023474179|92.76|93.00327332242226|93.25795644891122|93.35334476843911|93.49736379613357|93.51351351351352|
| BADGE |89.94126284875183|92.95352323838081|93.7978560490046|94.75743348982786|95.64|95.78559738134206|96.31490787269682|96.39794168096054|96.74868189806678|97.11711711711712|
---------------------------------------------------------------------
