=======================================
sklearn-digits_fraction:0.4_epochs:200_no of selection:10 2020-08-31 01:00:57.629362
sklearn-digits :Budget =  0.4
Validation Accuracy
---------------------------------------------------------------------
|Algo                            |59|118|177|236|295|354|413|472|531|590|
| Taylor Online |77.1604938271605|86.41975308641975|93.20987654320987|94.44444444444444|93.82716049382717|94.44444444444444|94.44444444444444|95.06172839506173|94.44444444444444|95.06172839506173|
| Full OneStep |77.1604938271605|91.35802469135803|91.35802469135803|91.35802469135803|91.35802469135803|93.20987654320987|95.67901234567901|95.67901234567901|95.67901234567901|95.06172839506173|
| Facloc Regularized |77.1604938271605|85.18518518518519|92.5925925925926|93.82716049382717|93.82716049382717|93.82716049382717|93.82716049382717|93.82716049382717|93.82716049382717|93.82716049382717|
| Random Greedy |77.1604938271605|85.80246913580247|92.5925925925926|93.82716049382717|93.82716049382717|93.82716049382717|93.82716049382717|94.44444444444444|94.44444444444444|94.44444444444444|
| Facility Location |84.5679012345679|85.18518518518519|88.88888888888889|90.74074074074075|90.74074074074075|90.74074074074075|91.35802469135803|90.74074074074075|90.74074074074075|90.74074074074075|
| FASS |77.1604938271605|88.88888888888889|92.5925925925926|94.44444444444444|95.06172839506173|95.06172839506173|95.06172839506173|95.67901234567901|95.67901234567901|95.06172839506173|
| Random |77.1604938271605|89.50617283950618|90.12345679012346|90.12345679012346|91.9753086419753|91.35802469135803|92.5925925925926|93.20987654320987|93.20987654320987|93.20987654320987|
| Random Perturbation |77.1604938271605|87.03703703703704|88.88888888888889|88.27160493827161|93.20987654320987|93.82716049382717|93.82716049382717|92.5925925925926|93.20987654320987|93.20987654320987|
| BADGE |85.80246913580247|92.5925925925926|91.9753086419753|93.82716049382717|95.06172839506173|94.44444444444444|93.20987654320987|95.06172839506173|93.82716049382717|95.06172839506173|
---------------------------------------------------------------------


Test Accuracy
---------------------------------------------------------------------
|Algo                            |59|118|177|236|295|354|413|472|531|590|
| Taylor Online |83.88888888888889|87.22222222222223|90.55555555555556|94.44444444444444|95.0|96.11111111111111|96.66666666666667|96.66666666666667|96.66666666666667|96.66666666666667|
| Full OneStep |83.88888888888889|88.88888888888889|90.0|90.55555555555556|91.11111111111111|92.77777777777777|93.88888888888889|95.0|95.55555555555556|95.55555555555556|
| Facloc Regularized |83.88888888888889|90.0|91.66666666666667|95.55555555555556|95.0|96.11111111111111|96.11111111111111|96.66666666666667|96.66666666666667|96.66666666666667|
| Random Greedy |83.88888888888889|88.33333333333333|91.11111111111111|92.22222222222223|95.0|95.55555555555556|96.11111111111111|96.66666666666667|96.66666666666667|96.66666666666667|
| Facility Location |84.5679012345679|85.18518518518519|88.88888888888889|90.74074074074075|90.74074074074075|90.74074074074075|91.35802469135803|90.74074074074075|90.74074074074075|90.74074074074075|
| FASS |83.88888888888889|90.55555555555556|92.77777777777777|95.55555555555556|96.11111111111111|96.66666666666667|97.22222222222223|97.22222222222223|97.22222222222223|97.22222222222223|
| Random |83.88888888888889|92.77777777777777|93.88888888888889|95.55555555555556|95.0|95.0|95.55555555555556|95.55555555555556|96.11111111111111|96.11111111111111|
| Random Perturbation |83.88888888888889|87.77777777777777|90.55555555555556|90.55555555555556|93.33333333333333|93.33333333333333|93.88888888888889|93.88888888888889|95.0|94.44444444444444|
| BADGE |91.11111111111111|92.77777777777777|95.0|96.66666666666667|96.11111111111111|97.22222222222223|96.11111111111111|97.77777777777777|97.22222222222223|97.22222222222223|
---------------------------------------------------------------------


Unlabeled data Accuracy
---------------------------------------------------------------------
|Algo                            |59|118|177|236|295|354|413|472|531|590|
| Taylor Online |83.16618911174785|89.15482423335827|92.64475743348983|95.24200164068908|97.32758620689656|97.63851044504996|98.0806142034549|98.37232960325534|98.5930735930736|98.72832369942196|
| Full OneStep |83.16618911174785|88.7060583395662|90.06259780907668|92.94503691550452|94.82758620689656|95.45867393278837|96.54510556621881|96.5412004069176|96.53679653679653|96.53179190751445|
| Facloc Regularized |83.16618911174785|89.60359012715034|93.11424100156495|95.98031173092699|96.98275862068965|98.00181653042688|98.46449136276391|98.77924720244151|98.7012987012987|98.72832369942196|
| Random Greedy |83.16618911174785|89.31240657698056|92.34375|95.49918166939443|96.73539518900344|97.2875226039783|97.42366412213741|97.77777777777777|97.96137339055794|97.82608695652173|
| Facility Location |88.68194842406876|91.17427075542258|92.17527386541471|91.96062346185398|92.41379310344827|92.27974568574024|92.32245681381957|91.96337741607324|92.31601731601732|92.13872832369943|
| FASS |83.16618911174785|89.82797307404637|92.17527386541471|94.0935192780968|94.74137931034483|95.09536784741144|95.10556621880998|95.42217700915565|95.56277056277057|95.72254335260115|
| Random |83.16618911174785|91.62303664921465|92.64475743348983|93.10910582444627|93.53448275862068|94.00544959128065|94.04990403071017|94.3031536113937|94.37229437229438|94.33526011560694|
| Random Perturbation |83.16618911174785|88.63126402393418|91.00156494522692|91.63248564397047|93.27586206896552|94.00544959128065|93.95393474088291|93.89623601220752|94.26406926406926|94.45086705202313|
| BADGE |88.93044128646223|93.3489827856025|96.06234618539787|97.15517241379311|98.09264305177112|99.52015355086372|99.89827060020346|100.0|100.0|100.0|
---------------------------------------------------------------------
