=======================================
sklearn-digits_fraction:0.4_epochs:200_no of selection:10 2020-09-09 01:58:15.571787
sklearn-digits :Budget =  0.4
Validation Accuracy
---------------------------------------------------------------------
|Algo                            |59|118|177|236|295|354|413|472|531|590|
| One Step Taylor |86.41975308641975|87.03703703703704|90.74074074074075|86.41975308641975|93.82716049382717|89.50617283950618|93.20987654320987|94.44444444444444|91.9753086419753|91.9753086419753|
| Fac Loc Reg One Step |86.41975308641975|87.03703703703704|50.617283950617285|72.8395061728395|77.77777777777777|90.12345679012346|88.27160493827161|93.82716049382717|90.74074074074075|94.44444444444444|
| Rand Reg One Step |86.41975308641975|87.03703703703704|90.74074074074075|90.74074074074075|89.50617283950618|93.82716049382717|93.82716049382717|94.44444444444444|93.20987654320987|93.82716049382717|
| Facility Location |86.41975308641975|88.27160493827161|90.74074074074075|90.74074074074075|89.50617283950618|90.12345679012346|90.74074074074075|90.12345679012346|91.9753086419753|91.35802469135803|
| FASS |86.41975308641975|95.67901234567901|96.91358024691358|96.29629629629629|96.91358024691358|95.06172839506173|95.06172839506173|96.29629629629629|95.67901234567901|95.67901234567901|
| Random |86.41975308641975|88.27160493827161|90.74074074074075|91.9753086419753|91.35802469135803|92.5925925925926|93.20987654320987|92.5925925925926|92.5925925925926|93.20987654320987|
| BADGE |75.92592592592592|85.18518518518519|88.27160493827161|90.12345679012346|90.74074074074075|91.35802469135803|92.5925925925926|94.44444444444444|95.06172839506173|94.44444444444444|
---------------------------------------------------------------------


Test Accuracy
---------------------------------------------------------------------
|Algo                            |59|118|177|236|295|354|413|472|531|590|
| One Step Taylor |92.22222222222223|87.77777777777777|89.44444444444444|93.88888888888889|93.88888888888889|96.11111111111111|95.55555555555556|96.11111111111111|96.11111111111111|96.11111111111111|
| Fac Loc Reg One Step |92.22222222222223|88.33333333333333|57.22222222222222|69.44444444444444|81.11111111111111|89.44444444444444|92.77777777777777|95.55555555555556|97.22222222222223|95.0|
| Rand Reg One Step |92.22222222222223|87.77777777777777|91.66666666666667|93.33333333333333|94.44444444444444|94.44444444444444|93.88888888888889|97.22222222222223|96.11111111111111|96.66666666666667|
| Facility Location |86.41975308641975|88.27160493827161|90.74074074074075|90.74074074074075|89.50617283950618|90.12345679012346|90.74074074074075|90.12345679012346|91.9753086419753|91.35802469135803|
| FASS |92.22222222222223|93.33333333333333|96.11111111111111|97.77777777777777|97.22222222222223|98.33333333333333|98.88888888888889|98.33333333333333|97.77777777777777|97.22222222222223|
| Random |92.22222222222223|88.88888888888889|92.22222222222223|93.33333333333333|92.22222222222223|96.11111111111111|95.55555555555556|95.0|95.55555555555556|95.55555555555556|
| BADGE |80.55555555555556|90.55555555555556|92.22222222222223|95.55555555555556|95.0|94.44444444444444|96.11111111111111|97.77777777777777|97.77777777777777|97.22222222222223|
---------------------------------------------------------------------


Unlabeled data Accuracy
---------------------------------------------------------------------
|Algo                            |59|118|177|236|295|354|413|472|531|590|
| One Step Taylor |91.4756446991404|89.97756170531039|90.61032863849765|91.96062346185398|97.06896551724138|96.91189827429609|99.04030710172745|99.08443540183113|99.13419913419914|99.07514450867052|
| Fac Loc Reg One Step |91.4756446991404|87.06058339566194|57.04225352112676|66.20180475799836|76.29310344827586|91.28065395095368|93.66602687140116|95.8290946083418|95.34632034632034|97.57225433526011|
| Rand Reg One Step |91.4756446991404|90.6576980568012|90.78125|95.17184942716858|95.87628865979381|96.29294755877034|97.32824427480917|98.58585858585859|99.0343347639485|99.19908466819221|
| Facility Location |91.4756446991404|92.44577412116679|93.1924882629108|92.86300246103363|92.5|93.36966394187102|92.13051823416507|92.77721261444557|92.64069264069263|92.3699421965318|
| FASS |91.4756446991404|92.81974569932684|94.91392801251956|96.39048400328137|96.03448275862068|95.45867393278837|96.06525911708253|95.42217700915565|96.1038961038961|96.41618497109826|
| Random |91.4756446991404|90.11887072808321|92.36111111111111|92.21508828250401|92.55852842809365|93.97905759162303|94.34306569343066|94.07265774378585|95.28112449799197|95.56025369978859|
| BADGE |84.88538681948424|90.05235602094241|92.95774647887323|94.74979491386382|96.12068965517241|97.45685740236149|98.46449136276391|99.38962360122075|99.89177489177489|99.88439306358381|
---------------------------------------------------------------------
