=======================================
satimage_fraction:0.4_epochs:200_no of selection:10 2020-09-05 11:36:30.864474
satimage :Budget =  0.4
Validation Accuracy
---------------------------------------------------------------------
|Algo                            |0|95|190|285|380|475|570|665|760|855|
| One Step Taylor |62.98245614035088|65.96491228070175|67.89473684210526|68.42105263157895|68.59649122807018|69.12280701754386|68.7719298245614|68.94736842105263|69.29824561403508|69.29824561403508|
| Fac Loc Reg One Step |62.98245614035088|66.14035087719299|67.89473684210526|68.59649122807018|68.42105263157895|69.12280701754386|69.29824561403508|69.29824561403508|69.29824561403508|70.0|
| Rand Reg One Step |62.98245614035088|65.26315789473684|68.24561403508773|68.42105263157895|68.7719298245614|68.24561403508773|69.12280701754386|69.12280701754386|69.12280701754386|70.0|
| Facility Location |62.98245614035088|67.71929824561404|68.7719298245614|71.2280701754386|71.75438596491227|72.45614035087719|72.80701754385964|72.63157894736842|74.03508771929825|74.21052631578948|
| FASS |62.98245614035088|71.75438596491227|74.03508771929825|74.56140350877193|75.6140350877193|75.43859649122807|76.49122807017544|77.01754385964912|77.36842105263158|77.36842105263158|
| Random |62.98245614035088|73.6842105263158|77.54385964912281|78.59649122807018|78.7719298245614|78.94736842105263|79.12280701754386|78.94736842105263|78.42105263157895|78.42105263157895|
| BADGE |69.12280701754386|70.70175438596492|71.2280701754386|72.45614035087719|72.28070175438596|73.33333333333333|74.21052631578948|74.56140350877193|75.43859649122807|75.26315789473684|
---------------------------------------------------------------------


Test Accuracy
---------------------------------------------------------------------
|Algo                            |0|95|190|285|380|475|570|665|760|855|
| One Step Taylor |64.21800947867298|67.4565560821485|68.64139020537125|69.19431279620854|69.51026856240127|69.11532385466035|69.27330173775671|69.90521327014218|69.58925750394944|70.37914691943128|
| Fac Loc Reg One Step |64.21800947867298|67.9304897314376|69.51026856240127|69.66824644549763|69.51026856240127|69.51026856240127|69.51026856240127|69.58925750394944|69.90521327014218|70.14218009478672|
| Rand Reg One Step |64.21800947867298|67.53554502369668|69.27330173775671|69.43127962085308|69.826224328594|69.74723538704582|70.45813586097947|70.69510268562401|70.53712480252764|70.61611374407583|
| Facility Location |62.98245614035088|67.71929824561404|68.7719298245614|71.2280701754386|71.75438596491227|72.45614035087719|72.80701754385964|72.63157894736842|74.03508771929825|74.21052631578948|
| FASS |64.21800947867298|73.45971563981043|73.77567140600316|74.17061611374407|74.565560821485|75.11848341232228|75.59241706161137|76.69826224328594|76.61927330173776|76.38230647709321|
| Random |64.21800947867298|75.75039494470774|77.40916271721959|79.06793048973144|78.83096366508688|79.77883096366509|80.25276461295418|79.54186413902053|78.83096366508688|78.75197472353871|
| BADGE |70.7740916271722|72.03791469194313|73.53870458135862|73.61769352290679|73.69668246445498|73.77567140600316|73.53870458135862|74.32859399684044|75.434439178515|75.98736176935229|
---------------------------------------------------------------------


Unlabeled data Accuracy
---------------------------------------------------------------------
|Algo                            |0|95|190|285|380|475|570|665|760|855|
| One Step Taylor |80.23925564909172|80.57354301572617|81.13207547169812|80.88235294117646|80.55407565263718|80.13468013468014|79.54949614700652|78.83165829145729|77.9559118236473|77.17546362339515|
| Fac Loc Reg One Step |80.23925564909172|80.66604995374654|81.66424770198356|81.33874239350912|81.0335641981886|80.24691358024691|79.43094250148192|79.20854271356784|78.75751503006012|78.3166904422254|
| Rand Reg One Step |80.23925564909172|80.58252427184466|81.15031416143064|81.31645569620254|81.1270600744285|80.80581980973699|81.33490844654459|81.05065666041276|80.19933554817275|79.58894401133948|
| Facility Location |80.23925564909172|80.57354301572617|81.4707305273343|82.30223123732252|83.00479488545551|83.10886644219977|83.58032009484292|83.73115577889448|84.50233800935204|84.73609129814551|
| FASS |80.23925564909172|82.46993524514339|83.93807450411224|86.2576064908722|87.48002131060203|88.27160493827161|89.4487255483106|90.89195979899498|91.91716766867067|92.7246790299572|
| Random |80.23925564909172|82.74111675126903|83.43765045739046|84.24760946149975|84.23827095413812|84.3940232429441|84.68258590564939|85.00307314074985|85.29603122966819|85.55632342778162|
| BADGE |82.33117483811286|83.01886792452831|84.43204868154159|85.56206712839638|87.03703703703704|87.84825133372851|88.94472361809045|90.24716098864396|91.79743223965764|93.87911247130835|
---------------------------------------------------------------------
