=======================================
sklearn-digits_fraction:0.4_epochs:200_no of selection:10 2020-09-12 19:56:17.812976
sklearn-digits :Budget =  0.4
Validation Accuracy
---------------------------------------------------------------------
|Algo                            |42|84|126|168|210|252|294|336|378|420|
| One Step Taylor |65.0|55.0|67.5|66.25|71.25|80.0|83.75|82.5|81.25|83.75|
| Fac Loc Reg One Step |65.0|56.25|61.25|58.75|68.75|78.75|80.0|83.75|85.0|86.25|
| Rand Reg One Step |65.0|61.25|66.25|66.25|66.25|72.5|75.0|78.75|83.75|85.0|
| Facility Location |65.0|66.25|67.5|71.25|75.0|76.25|75.0|75.0|76.25|73.75|
| FASS |65.0|78.75|87.5|88.75|87.5|83.75|85.0|85.0|83.75|83.75|
| Random |65.0|72.5|85.0|87.5|85.0|82.5|80.0|78.75|81.25|80.0|
| BADGE |65.0|66.25|77.5|81.25|86.25|86.25|87.5|86.25|86.25|87.5|
---------------------------------------------------------------------


Test Accuracy
---------------------------------------------------------------------
|Algo                            |42|84|126|168|210|252|294|336|378|420|
| One Step Taylor |65.0|55.0|66.25|66.25|72.5|73.75|82.5|86.25|86.25|85.0|
| Fac Loc Reg One Step |65.0|61.25|62.5|65.0|63.75|86.25|82.5|88.75|90.0|90.0|
| Rand Reg One Step |65.0|66.25|61.25|66.25|68.75|71.25|72.5|78.75|85.0|88.75|
| Facility Location |65.0|67.5|70.0|70.0|75.0|73.75|73.75|73.75|72.5|72.5|
| FASS |65.0|85.0|90.0|90.0|88.75|91.25|87.5|86.25|86.25|85.0|
| Random |65.0|70.0|87.5|86.25|87.5|86.25|86.25|85.0|85.0|82.5|
| BADGE |65.0|68.75|77.5|80.0|90.0|88.75|90.0|90.0|88.75|88.75|
---------------------------------------------------------------------


Unlabeled data Accuracy
---------------------------------------------------------------------
|Algo                            |42|84|126|168|210|252|294|336|378|420|
| One Step Taylor |89.72055888223552|75.9375|90.6318082788671|91.78082191780823|94.12470023980815|92.42424242424242|94.93333333333334|94.91525423728814|98.64864864864865|98.71794871794872|
| Fac Loc Reg One Step |89.72055888223552|79.79166666666667|88.56209150326798|87.67123287671232|89.80815347721823|91.66666666666667|95.6|96.89265536723164|97.14714714714715|98.23717948717949|
| Rand Reg One Step |89.72055888223552|88.13735691987513|87.93478260869566|89.07849829351535|92.60143198090692|93.60100376411543|93.91534391534391|96.64335664335664|96.43916913946587|97.78830963665087|
| Facility Location |89.72055888223552|91.04166666666667|92.70152505446623|93.72146118721462|94.48441247002398|93.93939393939394|92.8|94.0677966101695|92.64264264264264|93.91025641025641|
| FASS |89.72055888223552|92.5|96.40522875816994|96.00456621004567|97.00239808153478|97.22222222222223|97.2|97.31638418079096|97.74774774774775|97.59615384615384|
| Random |89.72055888223552|90.22869022869023|94.14316702819957|94.10430839002268|95.72446555819478|96.00997506234414|97.76902887139107|97.50692520775624|97.50733137829911|97.50778816199377|
| BADGE |89.72055888223552|93.95833333333333|95.96949891067538|98.28767123287672|99.04076738609113|99.62121212121212|99.86666666666666|99.85875706214689|99.84984984984985|99.83974358974359|
---------------------------------------------------------------------
