=======================================
dna_fraction:0.3_epochs:200_no of selection:10 2020-09-12 20:03:53.235958
dna :Budget =  0.3
Validation Accuracy
---------------------------------------------------------------------
|Algo                            |42|84|126|168|210|252|294|336|378|420|
| One Step Taylor |66.41604010025063|79.19799498746868|86.2155388471178|88.7218045112782|89.47368421052632|90.97744360902256|93.48370927318295|92.98245614035088|93.734335839599|94.73684210526316|
| Fac Loc Reg One Step |66.41604010025063|80.20050125313283|84.9624060150376|89.47368421052632|89.22305764411027|90.47619047619048|90.22556390977444|91.97994987468671|93.23308270676692|94.23558897243107|
| Rand Reg One Step |66.41604010025063|78.69674185463658|85.71428571428571|87.468671679198|89.47368421052632|90.97744360902256|92.98245614035088|92.73182957393483|93.98496240601504|93.48370927318295|
| Facility Location |66.41604010025063|72.68170426065163|79.4486215538847|79.9498746867168|81.45363408521304|82.95739348370927|81.70426065162907|81.95488721804512|82.45614035087719|85.21303258145363|
| FASS |66.41604010025063|81.45363408521304|85.96491228070175|89.47368421052632|90.72681704260651|92.4812030075188|93.48370927318295|94.23558897243107|94.73684210526316|93.48370927318295|
| Random |66.41604010025063|77.69423558897243|81.70426065162907|84.9624060150376|85.21303258145363|88.97243107769424|87.96992481203007|90.97744360902256|91.72932330827068|92.4812030075188|
| BADGE |65.41353383458646|82.70676691729324|85.46365914786968|88.47117794486215|90.47619047619048|92.73182957393483|92.73182957393483|92.73182957393483|94.23558897243107|94.9874686716792|
---------------------------------------------------------------------


Test Accuracy
---------------------------------------------------------------------
|Algo                            |42|84|126|168|210|252|294|336|378|420|
| One Step Taylor |69.16666666666667|78.0952380952381|84.76190476190476|87.38095238095238|88.69047619047619|91.30952380952381|91.66666666666667|91.30952380952381|92.73809523809524|92.97619047619048|
| Fac Loc Reg One Step |69.16666666666667|79.52380952380952|84.52380952380952|88.21428571428571|89.16666666666667|90.5952380952381|91.66666666666667|92.14285714285714|92.14285714285714|91.9047619047619|
| Rand Reg One Step |69.16666666666667|81.54761904761905|86.07142857142857|87.02380952380952|88.0952380952381|90.5952380952381|91.9047619047619|91.54761904761905|92.73809523809524|92.97619047619048|
| Facility Location |69.16666666666667|74.76190476190476|80.23809523809524|81.66666666666667|84.04761904761905|85.35714285714286|87.02380952380952|87.02380952380952|87.02380952380952|88.21428571428571|
| FASS |69.16666666666667|81.9047619047619|85.83333333333333|89.04761904761905|89.28571428571429|91.66666666666667|91.9047619047619|91.9047619047619|92.26190476190476|92.5|
| Random |69.16666666666667|81.19047619047619|82.38095238095238|86.42857142857143|87.02380952380952|89.16666666666667|89.76190476190476|89.88095238095238|90.11904761904762|89.88095238095238|
| BADGE |70.71428571428571|83.92857142857143|86.78571428571429|87.97619047619048|90.47619047619048|91.9047619047619|93.0952380952381|92.26190476190476|92.38095238095238|93.45238095238095|
---------------------------------------------------------------------


Unlabeled data Accuracy
---------------------------------------------------------------------
|Algo                            |42|84|126|168|210|252|294|336|378|420|
| One Step Taylor |56.84830633284241|75.75987841945289|83.90894819466249|87.58116883116882|91.00840336134453|93.90243902439025|94.03254972875226|94.64285714285714|95.79256360078278|96.93877551020408|
| Fac Loc Reg One Step |56.84830633284241|80.01519756838906|82.88854003139717|87.33766233766234|90.08403361344538|92.07317073170732|94.03254972875226|95.77067669172932|96.57534246575342|97.04081632653062|
| Rand Reg One Step |56.84830633284241|76.5375854214123|83.07210031347962|87.6923076923077|89.94974874371859|92.19427580225499|94.15467625899281|95.23809523809524|95.53398058252426|96.35995955510617|
| Facility Location |56.84830633284241|58.96656534954408|65.62009419152277|66.6396103896104|71.42857142857143|74.30313588850174|75.22603978300181|76.50375939849624|76.02739726027397|78.77551020408163|
| FASS |56.84830633284241|75.98784194528875|82.41758241758242|86.36363636363636|87.89915966386555|90.15679442508711|92.58589511754069|93.51503759398496|94.22700587084148|93.9795918367347|
| Random |56.84830633284241|71.580547112462|77.47252747252747|80.51948051948052|82.85714285714286|84.49477351916376|85.35262206148282|88.06390977443608|88.64970645792563|89.59183673469387|
| BADGE |56.70103092783505|81.61094224924013|86.57770800627944|90.25974025974025|90.92436974789916|92.07317073170732|93.67088607594937|95.30075187969925|96.77103718199609|97.75510204081633|
---------------------------------------------------------------------
