=======================================
connect_4_fraction:0.1_epochs:200_no of selection:10 2020-09-11 11:00:30.484838
connect_4 :Budget =  0.1
Validation Accuracy
---------------------------------------------------------------------
|Algo                            |548|1096|1644|2192|2740|3288|3836|4384|4932|5480|
| One Step Taylor |71.63295510606808|74.51077125472784|76.68146686400263|76.94458148330867|77.43792139450748|77.60236803157376|77.4543660582141|77.9970399605328|78.04637395165268|78.45749054431838|
| Fac Loc Reg One Step |71.63295510606808|74.01743134352903|76.17168228909719|76.51702022693635|77.33925341226772|77.7503700049334|77.25703009373458|77.78325933234666|78.1779312613057|77.70103601381352|
| Rand Reg One Step |71.63295510606808|74.7903305377405|75.89212300608453|76.38546291728335|77.28991942114784|76.99391547442855|77.78325933234666|77.89837197829304|77.7503700049334|77.96415063311956|
| Facility Location |71.63295510606808|74.19832264430192|75.21789179411282|75.38233843117908|74.65877322808748|75.71123170531163|75.0863344844598|75.89212300608453|75.38233843117908|75.4481170860056|
| FASS |71.63295510606808|74.5436605821411|76.22101628021707|76.78013484624239|76.33612892616345|76.76369018253577|76.79657950994903|77.4543660582141|77.09258345666831|78.01348462423944|
| Random |71.63295510606808|70.69560927479033|72.3729649728663|71.71517842460122|70.74494326591021|70.21871402729815|70.26804801841803|68.60713698404868|69.36359151455353|69.77470810721921|
| BADGE |71.63295510606808|74.49432659102122|75.85923367867127|76.92813681960205|77.65170202269364|78.60549251767802|79.67439565860879|79.41128103930275|80.13484624239435|79.93751027791481|
---------------------------------------------------------------------


Test Accuracy
---------------------------------------------------------------------
|Algo                            |548|1096|1644|2192|2740|3288|3836|4384|4932|5480|
| One Step Taylor |71.62522202486679|74.3635287152161|76.49496743635287|76.67258732978094|76.92421551213737|77.14624037892244|77.50148016577857|77.97513321492008|77.44227353463587|78.04914150384843|
| Fac Loc Reg One Step |71.62522202486679|73.9934872705743|76.03611604499704|76.96862048549437|77.19064535227946|77.35346358792185|77.2202486678508|77.4274718768502|77.85671995263469|77.6939017169923|
| Rand Reg One Step |71.62522202486679|74.43753700414446|76.46536412078153|76.3765541740675|76.42095914742451|77.24985198342215|77.70870337477797|77.30905861456483|78.52279455298994|77.51628182356424|
| Facility Location |71.63295510606808|74.19832264430192|75.21789179411282|75.38233843117908|74.65877322808748|75.71123170531163|75.0863344844598|75.89212300608453|75.38233843117908|75.4481170860056|
| FASS |71.62522202486679|74.06749555950266|76.1101243339254|76.64298401420959|75.60686796921256|76.05091770278271|75.57726465364121|76.06571936056838|76.16933096506808|76.65778567199526|
| Random |71.62522202486679|70.23386619301361|71.87685020722321|71.43280047365305|70.29307282415631|69.89342806394316|70.29307282415631|69.47898164594434|69.64179988158673|70.352279455299|
| BADGE |71.61042036708112|74.95559502664298|75.69567791592658|76.96862048549437|77.78271166370634|77.9603315571344|78.67081113084666|79.01124925991711|79.81053878034339|80.23978685612789|
---------------------------------------------------------------------


Unlabeled data Accuracy
---------------------------------------------------------------------
|Algo                            |548|1096|1644|2192|2740|3288|3836|4384|4932|5480|
| One Step Taylor |71.3338994314406|74.98694614351783|77.15539980405457|77.48629302467256|78.3205078876491|78.99945559184943|79.55742473076016|79.87921169739352|80.01124769020647|81.04589764419171|
| Fac Loc Reg One Step |71.3338994314406|74.82470535581083|76.99336800060291|77.66714894913189|78.4609465178915|79.02473168455437|79.55152896784844|79.64677368086458|80.24423555876918|80.54224207961008|
| Rand Reg One Step |71.3338994314406|75.15151515151516|76.79452880666189|77.0573566084788|78.15289319790705|78.85374341427377|79.353507565337|79.4787755993882|80.11486866414972|80.23919267396292|
| Facility Location |71.3338994314406|74.68670744442787|75.82711583389856|76.31739262869327|75.75798383993843|75.9371597449059|75.73107460105338|76.51780038143674|76.29750140596127|76.3931762794476|
| FASS |71.3338994314406|74.7463822169178|76.77858165649258|77.60622905878769|77.28549442093113|77.974801679888|77.91447213269397|78.5680228862047|79.04515144211456|80.1340373679935|
| Random |71.3338994314406|71.19494275165032|72.72795779954785|73.0403167472494|72.07624836500732|71.97426227596128|72.29841244891544|71.17378351539226|71.33362782105856|72.43899468106703|
| BADGE |71.3357454035295|74.56362822616738|76.14741125932625|77.54721291501676|78.36667949211235|78.95084772126303|79.98781542331578|80.59639224411951|80.99542058327307|81.78107229894395|
---------------------------------------------------------------------
