=======================================
svmguide1_fraction:0.2_epochs:200_no of selection:11 2020-09-02 08:27:01.450962
svmguide1 :Budget =  0.2
Validation Accuracy
---------------------------------------------------------------------
|Algo                            |67|134|201|268|335|402|469|536|603|670|737|
| One Step Taylor |89.96763754045307|93.20388349514563|93.20388349514563|94.1747572815534|94.49838187702265|95.14563106796116|95.79288025889967|95.46925566343042|95.14563106796116|95.14563106796116|95.14563106796116|
| Full One Step |89.96763754045307|95.46925566343042|95.14563106796116|95.79288025889967|95.79288025889967|95.79288025889967|95.79288025889967|95.46925566343042|96.11650485436893|96.11650485436893|95.79288025889967|
| Fac Loc Reg One Step |89.96763754045307|93.20388349514563|93.20388349514563|94.1747572815534|93.85113268608414|95.46925566343042|95.46925566343042|95.46925566343042|95.46925566343042|95.14563106796116|95.14563106796116|
| Rand Reg One Step |89.96763754045307|93.20388349514563|93.20388349514563|94.1747572815534|94.49838187702265|94.8220064724919|95.46925566343042|95.46925566343042|95.46925566343042|95.14563106796116|95.14563106796116|
| Facility Location |89.96763754045307|93.20388349514563|92.88025889967638|92.88025889967638|92.88025889967638|93.52750809061489|94.1747572815534|94.1747572815534|93.85113268608414|94.49838187702265|94.1747572815534|
| FASS |89.96763754045307|94.49838187702265|95.14563106796116|95.14563106796116|95.46925566343042|95.14563106796116|95.14563106796116|95.79288025889967|95.79288025889967|95.79288025889967|95.79288025889967|
| Random |89.96763754045307|92.55663430420712|93.52750809061489|95.14563106796116|95.14563106796116|94.8220064724919|95.79288025889967|95.79288025889967|95.79288025889967|95.79288025889967|95.79288025889967|
| One step Perturbation |89.96763754045307|93.52750809061489|94.49838187702265|94.8220064724919|94.8220064724919|95.46925566343042|95.46925566343042|95.46925566343042|95.46925566343042|95.46925566343042|95.46925566343042|
| BADGE |89.64401294498381|92.55663430420712|95.46925566343042|95.79288025889967|95.46925566343042|96.11650485436893|95.79288025889967|95.14563106796116|95.14563106796116|94.8220064724919|94.8220064724919|
---------------------------------------------------------------------


Test Accuracy
---------------------------------------------------------------------
|Algo                            |67|134|201|268|335|402|469|536|603|670|737|
| One Step Taylor |91.375|93.225|94.125|94.25|94.725|95.175|95.275|95.375|95.325|95.325|95.3|
| Full One Step |91.375|93.825|94.4|94.325|94.65|95.0|94.8|94.85|94.975|95.15|95.425|
| Fac Loc Reg One Step |91.375|93.8|94.0|94.85|94.575|95.0|95.125|95.275|95.35|95.3|95.225|
| Rand Reg One Step |91.375|93.125|94.15|94.65|94.625|95.3|95.175|95.375|95.45|95.3|95.325|
| Facility Location |89.96763754045307|93.20388349514563|92.88025889967638|92.88025889967638|92.88025889967638|93.52750809061489|94.1747572815534|94.1747572815534|93.85113268608414|94.49838187702265|94.1747572815534|
| FASS |91.375|93.7|94.675|94.65|94.525|94.325|94.5|94.65|94.7|94.9|94.925|
| Random |91.375|92.875|94.275|94.675|94.85|94.675|94.675|94.85|94.975|94.7|94.9|
| One step Perturbation |91.375|93.55|93.975|93.675|93.95|94.375|94.825|95.15|95.225|95.05|95.15|
| BADGE |87.55|94.7|95.1|95.375|95.375|95.475|95.45|95.65|95.675|95.625|95.575|
---------------------------------------------------------------------


Unlabeled data Accuracy
---------------------------------------------------------------------
|Algo                            |67|134|201|268|335|402|469|536|603|670|737|
| One Step Taylor |91.35254988913526|92.91160689070884|92.97639608520437|93.80686821250367|94.52095808383234|95.56981362664223|96.25701809107923|97.0691302962727|97.52604166666667|97.80366056572379|98.09394145677331|
| Full One Step |91.35254988913526|94.69076532053093|95.10650546919977|95.0983269738773|95.32934131736526|95.41704857928507|95.38365564566438|95.69926728257407|95.73567708333333|95.87354409317804|96.15384615384616|
| Fac Loc Reg One Step |91.35254988913526|92.65744140073426|92.80368451352908|94.36454358673319|94.52095808383234|95.56981362664223|96.2882096069869|97.03727301688436|97.49348958333333|97.90349417637272|98.16201497617426|
| Rand Reg One Step |91.35254988913526|92.91360813099944|93.84349827387803|94.3108504398827|94.70693779904306|95.39353264185479|96.04607721046077|96.78957406230134|97.40259740259741|97.71068347710684|97.96472184531886|
| Facility Location |91.35254988913526|92.68568201073143|93.66724237190559|93.92427355444673|93.89221556886227|93.73663305835625|94.01122894572676|93.88340235743867|93.78255208333333|93.84359400998336|93.9074200136147|
| FASS |91.35254988913526|94.69076532053093|95.3943580886586|95.7734076900499|95.74850299401197|95.93644974029942|96.35059263880224|96.62312838483594|96.84244791666667|97.07154742096506|97.41320626276378|
| Random |91.35254988913526|92.37503530076249|94.44444444444444|94.9515702964485|95.20958083832335|95.60036663611366|95.8203368683718|95.76298184135075|95.83333333333333|95.80698835274542|96.01769911504425|
| One step Perturbation |91.35254988913526|93.61762214063823|94.07023603914796|94.18843557381861|94.16167664670658|94.65322334249923|94.97816593886463|95.28512265052565|95.27994791666667|95.20798668885192|95.13274336283186|
| BADGE |92.1840354767184|93.58938153064106|95.07772020725389|95.53859700616378|96.19760479041916|96.33363886342805|96.66250779787897|97.10098757566104|97.42838541666667|97.67054908485856|97.92375765827093|
---------------------------------------------------------------------
