=======================================
satimage_fraction:0.2_epochs:200_no of selection:10 2020-09-12 20:14:21.935887
satimage :Budget =  0.2
Validation Accuracy
---------------------------------------------------------------------
|Algo                            |63|126|189|252|315|378|441|504|567|630|
| One Step Taylor |80.39068369646883|74.60555972952668|76.40871525169045|79.63936889556724|82.64462809917356|83.69646882043577|84.82344102178813|84.59804658151765|83.84673178061608|84.22238918106687|
| Fac Loc Reg One Step |80.39068369646883|73.85424492862509|79.03831705484598|81.29226145755071|82.41923365890308|83.69646882043577|83.39594290007513|84.5229151014275|85.0488354620586|84.22238918106687|
| Rand Reg One Step |80.39068369646883|80.2404207362885|76.3335837716003|80.69120961682945|82.5694966190834|83.92186326070623|84.67317806160781|84.44778362133734|84.89857250187829|83.69646882043577|
| Facility Location |80.39068369646883|81.06686701728025|83.77160030052592|82.11870773854245|84.14725770097671|84.74830954169798|84.59804658151765|83.69646882043577|83.9969947407964|83.84673178061608|
| FASS |80.39068369646883|82.5694966190834|80.61607813673929|84.07212622088655|84.37265214124719|84.74830954169798|83.9969947407964|83.9969947407964|84.67317806160781|85.4244928625094|
| Random |80.39068369646883|77.7610818933133|80.7663410969196|83.0954169797145|83.84673178061608|83.17054845980466|82.41923365890308|83.47107438016529|83.02028549962434|82.41923365890308|
| BADGE |80.39068369646883|83.32081141998498|82.49436513899323|79.11344853493614|81.06686701728025|82.5694966190834|81.81818181818181|82.71975957926371|84.22238918106687|83.0954169797145|
---------------------------------------------------------------------


Test Accuracy
---------------------------------------------------------------------
|Algo                            |63|126|189|252|315|378|441|504|567|630|
| One Step Taylor |80.25|68.4|74.0|78.45|80.15|81.65|83.0|82.55|82.4|83.35|
| Fac Loc Reg One Step |80.25|66.4|75.7|78.5|80.7|81.95|80.9|82.25|82.05|82.5|
| Rand Reg One Step |80.25|77.7|73.9|78.55|80.95|82.5|84.45|83.7|84.3|84.4|
| Facility Location |80.25|80.25|81.6|80.05|81.55|81.95|82.6|82.0|82.6|82.6|
| FASS |80.25|80.05|76.45|82.8|83.2|83.05|83.2|83.4|83.35|83.7|
| Random |80.25|76.6|79.5|81.4|82.2|82.15|81.95|82.25|82.35|80.7|
| BADGE |80.25|83.35|84.3|82.65|84.0|85.45|85.3|85.3|86.6|86.3|
---------------------------------------------------------------------


Unlabeled data Accuracy
---------------------------------------------------------------------
|Algo                            |63|126|189|252|315|378|441|504|567|630|
| One Step Taylor |82.24268332785267|64.23774345198119|77.11835334476844|80.50490883590463|82.32341340982431|84.88628026412326|85.80548253849042|84.07692307692308|85.88884509262908|86.74211802748586|
| Fac Loc Reg One Step |82.24268332785267|61.45063801208865|77.94168096054888|80.46984572230014|81.82144137683757|84.55612619222303|83.10176492677431|85.6923076923077|86.00709499408751|86.29749393694422|
| Rand Reg One Step |82.24268332785267|77.74420946626385|77.1683236201577|80.98073555166374|81.74006444683137|84.25485170267301|86.58673660547021|87.3801304181051|88.36935166994107|88.44140153040676|
| Facility Location |82.24268332785267|81.90060443250503|83.77358490566037|82.6788218793829|83.7217640731445|84.07923697725606|84.94179496808111|83.61538461538461|84.15451320457232|85.3274050121261|
| FASS |82.24268332785267|81.49764942914707|77.87307032590051|85.20336605890603|86.84116170670491|86.7938371239912|88.02102891475779|88.8076923076923|90.02759164367363|89.40986257073565|
| Random |82.24268332785267|76.48440120764845|81.3077713111948|83.57217756029361|83.75580149946448|83.65560014593214|84.74449832152182|84.70049599389546|85.94299101913315|82.72690923630547|
| BADGE |82.1769154883262|85.35930154466085|87.27272727272727|86.99158485273492|88.13194693438508|89.17828319882612|89.97371385655276|90.61538461538461|91.44659046117462|92.07760711398545|
---------------------------------------------------------------------
