=======================================
svmguide1_fraction:0.5_epochs:200_no of selection:10 2020-09-12 20:32:53.330370
svmguide1 :Budget =  0.5
Validation Accuracy
---------------------------------------------------------------------
|Algo                            |139|278|417|556|695|834|973|1112|1251|1390|
| One Step Taylor |91.41414141414141|94.94949494949495|96.46464646464646|97.47474747474747|97.47474747474747|97.97979797979798|97.47474747474747|96.96969696969697|97.47474747474747|97.47474747474747|
| Fac Loc Reg One Step |91.41414141414141|95.45454545454545|96.96969696969697|97.47474747474747|96.46464646464646|97.47474747474747|96.96969696969697|97.97979797979798|97.97979797979798|98.48484848484848|
| Rand Reg One Step |91.41414141414141|94.44444444444444|96.46464646464646|96.96969696969697|96.96969696969697|97.47474747474747|97.47474747474747|96.46464646464646|97.97979797979798|97.47474747474747|
| Facility Location |91.41414141414141|95.45454545454545|94.94949494949495|95.95959595959596|95.45454545454545|96.96969696969697|97.47474747474747|97.97979797979798|96.96969696969697|97.97979797979798|
| FASS |91.41414141414141|94.94949494949495|95.45454545454545|95.95959595959596|96.46464646464646|96.96969696969697|96.96969696969697|97.47474747474747|97.47474747474747|96.96969696969697|
| Random |91.41414141414141|94.44444444444444|95.45454545454545|96.46464646464646|96.46464646464646|96.96969696969697|96.46464646464646|97.47474747474747|96.96969696969697|95.95959595959596|
| BADGE |91.41414141414141|95.45454545454545|95.95959595959596|95.95959595959596|96.96969696969697|97.47474747474747|97.47474747474747|97.47474747474747|97.47474747474747|97.47474747474747|
---------------------------------------------------------------------


Test Accuracy
---------------------------------------------------------------------
|Algo                            |139|278|417|556|695|834|973|1112|1251|1390|
| One Step Taylor |92.225|95.65|96.35|96.125|96.15|96.4|96.475|96.75|95.625|96.725|
| Fac Loc Reg One Step |92.225|95.65|96.475|96.425|96.275|96.2|96.325|96.175|96.5|95.85|
| Rand Reg One Step |92.225|95.45|96.2|96.4|96.3|96.25|96.1|96.3|96.1|96.3|
| Facility Location |92.225|95.3|95.5|95.725|95.9|95.725|95.75|96.2|96.35|96.275|
| FASS |92.225|95.575|95.6|95.675|95.875|95.95|95.95|96.1|96.325|96.3|
| Random |92.225|94.875|95.475|95.975|96.25|95.85|95.75|96.5|96.0|96.175|
| BADGE |92.225|94.7|95.525|95.925|96.325|96.45|96.575|96.675|96.625|96.7|
---------------------------------------------------------------------


Unlabeled data Accuracy
---------------------------------------------------------------------
|Algo                            |139|278|417|556|695|834|973|1112|1251|1390|
| One Step Taylor |91.5940931465354|96.24300559552358|97.50317393144309|98.38129496402878|99.18465227817745|99.69167523124358|99.77863862755949|99.8800959232614|99.86919555264879|99.85611510791367|
| Fac Loc Reg One Step |91.5940931465354|96.12310151878498|97.79940753279729|98.78597122302158|99.32853717026379|99.53751284686537|100.0|100.0|100.0|100.0|
| Rand Reg One Step |91.5940931465354|95.96484218937275|97.54756871035941|98.20386169735069|98.94686452848252|99.38493080471554|99.61389961389962|99.94029850746269|99.93493819128172|99.92852037169406|
| Facility Location |91.5940931465354|94.96402877697842|95.26026237833263|95.86330935251799|96.30695443645084|96.14594039054471|96.12617598229109|96.22302158273381|96.20667102681492|95.89928057553956|
| FASS |91.5940931465354|95.96322941646683|96.191282268303|96.4478417266187|96.64268585131894|96.55704008221994|97.12230215827338|97.00239808153478|97.3185088293002|97.4820143884892|
| Random |91.5940931465354|94.04714342788654|95.26427061310783|96.58733722496632|96.5055050263284|96.514607893388|96.19415333701048|96.77611940298507|96.74690956408588|95.49678341672623|
| BADGE |91.5940931465354|95.12390087929656|96.31823952602623|97.39208633093526|98.4652278177458|99.17780061664953|99.66795794133924|99.82014388489209|100.0|100.0|
---------------------------------------------------------------------
