=======================================
connect_4_fraction:0.1_epochs:200_no of selection:10 2020-09-09 13:50:06.560801
connect_4 :Budget =  0.1
Validation Accuracy
---------------------------------------------------------------------
|Algo                            |548|1096|1644|2192|2740|3288|3836|4384|4932|5480|
| One Step Taylor |71.8302910705476|67.76845913501069|73.2774214767308|73.24453214931755|74.56010524584772|75.6290083867785|75.13566847557968|74.87255385627364|75.39878309488572|75.89212300608453|
| Fac Loc Reg One Step |71.8302910705476|67.07778325933235|73.01430685742477|74.09965466206216|74.11609932576879|74.64232856438086|74.95477717480678|75.6290083867785|75.72767636901825|75.74412103272488|
| Rand Reg One Step |71.8302910705476|66.58444334813353|71.84673573425424|72.20851833580004|73.16230883078441|69.41292550567341|69.41292550567341|70.94227923038974|71.66584443348134|73.93520802499589|
| Facility Location |71.8302910705476|71.7645124157211|68.7386942937017|66.58444334813353|68.40980101956914|69.39648084196678|67.76845913501069|66.37066271994738|66.58444334813353|65.72932083538892|
| FASS |71.8302910705476|62.983061996382176|61.04259167900017|65.8937674724552|68.45913501068902|68.24535438250288|70.21871402729815|69.67604012497945|70.21871402729815|71.71517842460122|
| Random |71.8302910705476|56.766979115277096|60.203913829962175|60.171024502548924|59.13501068903141|57.178095707942774|58.641670777832594|59.69412925505674|58.72389409636573|58.691004768952475|
| BADGE |71.63295510606808|74.49432659102122|75.85923367867127|76.92813681960205|77.65170202269364|78.60549251767802|79.67439565860879|79.41128103930275|80.13484624239435|79.93751027791481|
---------------------------------------------------------------------


Test Accuracy
---------------------------------------------------------------------
|Algo                            |548|1096|1644|2192|2740|3288|3836|4384|4932|5480|
| One Step Taylor |71.75843694493783|67.74718768502072|73.38661930136175|73.46062759029012|74.30432208407342|74.71876850207224|74.68916518650089|75.02960331557135|75.72528123149793|75.29603315571345|
| Fac Loc Reg One Step |71.75843694493783|67.64357608052102|73.19419775014802|74.91119005328596|74.12670219064535|74.30432208407342|74.34872705743044|75.11841326228537|74.31912374185909|74.79277679100059|
| Rand Reg One Step |71.75843694493783|66.32622853759621|71.78804026050918|70.60390763765541|72.0396684428656|69.10894020130254|68.9757252812315|70.7223208999408|72.55772646536413|73.71225577264654|
| Facility Location |71.8302910705476|71.7645124157211|68.7386942937017|66.58444334813353|68.40980101956914|69.39648084196678|67.76845913501069|66.37066271994738|66.58444334813353|65.72932083538892|
| FASS |71.75843694493783|61.82652457075192|61.04203670811131|65.03848431024275|66.45944345766726|67.554766133807|69.52338661930136|68.16163410301954|68.9757252812315|70.30787448194198|
| Random |71.75843694493783|56.7643576080521|59.6210775606868|59.976317347542924|59.517465956187095|55.86145648312611|57.48963883955003|59.38425103611605|57.31201894612197|56.67554766133807|
| BADGE |71.61042036708112|74.95559502664298|75.69567791592658|76.96862048549437|77.78271166370634|77.9603315571344|78.67081113084666|79.01124925991711|79.81053878034339|80.23978685612789|
---------------------------------------------------------------------


Unlabeled data Accuracy
---------------------------------------------------------------------
|Algo                            |548|1096|1644|2192|2740|3288|3836|4384|4932|5480|
| One Step Taylor |71.57202983090896|68.24556168879606|73.34576833220288|73.9662656107219|75.26933435936898|75.96049152278736|75.74286612687682|76.03305785123968|76.9763798505664|77.49796913078798|
| Fac Loc Reg One Step |71.57202983090896|68.22691332239296|73.50780013565453|74.68588181541273|74.71527510580992|75.16526675999378|75.81558053612137|76.52773363000635|76.70121314372942|76.77497969130788|
| Rand Reg One Step |71.57202983090896|66.7972027972028|71.67187912129319|71.90420894329063|73.3898891966759|70.59120866302467|70.72312831597563|72.40927239139504|73.48180576753153|75.24213689618064|
| Facility Location |71.57202983090896|71.36916306131583|67.72364157057804|67.1432378921718|68.81492881877645|69.26038264115725|67.00927600031444|66.24284806102987|66.28906563830643|66.43176279447603|
| FASS |71.57202983090896|62.285543786364315|62.011078453538325|65.85630520865062|67.22008464794152|68.51376574895006|70.13599559783036|69.24268912905276|70.0751185024504|71.77091795288383|
| Random |71.57202983090896|57.17935329877298|60.51055011303693|59.94022918490882|59.927290913287685|56.737685159986|58.27373467463062|60.282025819265144|59.0876234840575|59.08075845547931|
| BADGE |71.3357454035295|74.56362822616738|76.14741125932625|77.54721291501676|78.36667949211235|78.95084772126303|79.98781542331578|80.59639224411951|80.99542058327307|81.78107229894395|
---------------------------------------------------------------------
