=======================================
svmguide1_fraction:0.4_epochs:200_no of selection:10 2020-09-06 17:47:37.747897
svmguide1 :Budget =  0.4
Validation Accuracy
---------------------------------------------------------------------
|Algo                            |112|224|336|448|560|672|784|896|1008|1120|
| One Step Taylor |91.91919191919192|92.42424242424242|94.44444444444444|94.94949494949495|95.45454545454545|95.45454545454545|94.94949494949495|94.94949494949495|95.45454545454545|95.45454545454545|
| Fac Loc Reg One Step |91.91919191919192|91.41414141414141|92.42424242424242|94.44444444444444|94.94949494949495|95.45454545454545|95.45454545454545|95.45454545454545|94.94949494949495|94.94949494949495|
| Rand Reg One Step |91.91919191919192|93.93939393939394|94.94949494949495|95.45454545454545|95.45454545454545|94.44444444444444|94.94949494949495|95.45454545454545|94.94949494949495|94.94949494949495|
| Facility Location |91.91919191919192|92.42424242424242|92.92929292929293|92.42424242424242|92.42424242424242|92.92929292929293|92.92929292929293|92.92929292929293|93.93939393939394|93.93939393939394|
| FASS |91.91919191919192|94.94949494949495|95.45454545454545|94.94949494949495|94.94949494949495|95.45454545454545|95.45454545454545|94.94949494949495|94.44444444444444|94.44444444444444|
| Random |91.91919191919192|92.42424242424242|93.43434343434343|93.43434343434343|92.92929292929293|92.92929292929293|92.92929292929293|92.92929292929293|92.92929292929293|92.92929292929293|
| BADGE |91.91919191919192|92.92929292929293|93.93939393939394|95.45454545454545|95.45454545454545|95.45454545454545|95.45454545454545|95.45454545454545|95.45454545454545|95.45454545454545|
---------------------------------------------------------------------


Test Accuracy
---------------------------------------------------------------------
|Algo                            |112|224|336|448|560|672|784|896|1008|1120|
| One Step Taylor |91.825|90.725|94.4|95.1|94.725|94.675|95.15|95.1|95.15|95.2|
| Fac Loc Reg One Step |91.825|92.075|93.425|94.625|95.075|94.85|94.85|94.9|95.025|95.05|
| Rand Reg One Step |91.825|91.875|94.9|94.575|95.05|94.95|95.0|95.0|95.075|95.1|
| Facility Location |91.91919191919192|92.42424242424242|92.92929292929293|92.42424242424242|92.42424242424242|92.92929292929293|92.92929292929293|92.92929292929293|93.93939393939394|93.93939393939394|
| FASS |91.825|93.775|94.125|94.35|94.5|94.8|94.9|94.925|95.05|95.05|
| Random |91.825|92.9|93.5|93.975|94.2|94.225|94.3|94.5|94.6|94.65|
| BADGE |90.625|93.475|94.575|95.25|95.225|95.225|95.4|95.5|95.575|95.575|
---------------------------------------------------------------------


Unlabeled data Accuracy
---------------------------------------------------------------------
|Algo                            |112|224|336|448|560|672|784|896|1008|1120|
| One Step Taylor |90.55472263868066|92.33176838810641|95.45826513911621|96.65523156089193|97.2072072072072|97.58064516129032|97.54509018036072|97.50530785562633|97.40406320541761|97.2289156626506|
| Fac Loc Reg One Step |90.55472263868066|91.35367762128325|94.31260229132569|95.71183533447685|97.29729729729729|97.34345351043643|97.29458917835672|97.29299363057325|97.12189616252822|96.92771084337349|
| Rand Reg One Step |90.55472263868066|93.31247555729371|95.46197874080131|96.3169164882227|97.3021582733813|97.44439185991482|97.5024975024975|97.46166049709149|97.41573033707866|97.30377471539845|
| Facility Location |90.55472263868066|92.13615023474179|92.75777414075286|92.62435677530017|93.33333333333333|93.50094876660341|93.33667334669339|93.47133757961784|93.39729119638827|93.3132530120482|
| FASS |90.55472263868066|94.24882629107981|94.84451718494272|95.2401372212693|95.76576576576576|96.29981024667931|96.54308617234469|96.76220806794055|97.00902934537245|97.2289156626506|
| Random |90.55472263868066|91.54929577464789|92.3076923076923|92.58147512864494|92.88288288288288|92.69449715370018|92.88577154308618|93.04670912951168|92.88939051918736|93.25301204819277|
| BADGE |89.99250374812594|92.91862284820031|94.59901800327333|95.71183533447685|96.12612612612612|97.10626185958255|97.89579158316633|98.35456475583864|98.92776523702031|99.51807228915662|
---------------------------------------------------------------------
