=======================================
usps_fraction:0.5_epochs:200_no of selection:10 2020-09-12 17:32:00.383266
usps :Budget =  0.5
Validation Accuracy
---------------------------------------------------------------------
|Algo                            |228|456|684|912|1140|1368|1596|1824|2052|2280|
| One Step Taylor |72.0754716981132|75.47169811320755|81.13207547169812|83.39622641509433|84.71698113207547|85.66037735849056|84.90566037735849|84.90566037735849|84.90566037735849|84.90566037735849|
| Fac Loc Reg One Step |72.0754716981132|74.90566037735849|81.32075471698113|84.33962264150944|84.52830188679245|85.28301886792453|85.28301886792453|85.28301886792453|85.28301886792453|85.66037735849056|
| Rand Reg One Step |72.0754716981132|74.90566037735849|79.43396226415095|82.45283018867924|84.52830188679245|82.64150943396227|84.33962264150944|84.33962264150944|84.33962264150944|84.33962264150944|
| Facility Location |72.0754716981132|74.52830188679245|76.41509433962264|76.0377358490566|78.49056603773585|80.94339622641509|82.83018867924528|81.50943396226415|80.0|83.39622641509433|
| FASS |72.0754716981132|90.94339622641509|93.77358490566037|93.58490566037736|92.64150943396227|93.39622641509433|90.56603773584905|89.81132075471699|89.81132075471699|88.67924528301887|
| Random |72.0754716981132|88.67924528301887|90.75471698113208|88.86792452830188|86.60377358490567|84.52830188679245|83.58490566037736|83.77358490566037|78.11320754716981|77.9245283018868|
| BADGE |63.9622641509434|88.11320754716981|91.13207547169812|91.50943396226415|91.32075471698113|90.18867924528301|90.56603773584905|90.94339622641509|90.75471698113208|92.26415094339623|
---------------------------------------------------------------------


Test Accuracy
---------------------------------------------------------------------
|Algo                            |228|456|684|912|1140|1368|1596|1824|2052|2280|
| One Step Taylor |69.93197278911565|72.44897959183673|78.57142857142857|81.22448979591837|81.56462585034014|82.99319727891157|82.31292517006803|82.38095238095238|82.38095238095238|82.38095238095238|
| Fac Loc Reg One Step |69.93197278911565|71.83673469387755|77.34693877551021|80.20408163265306|80.61224489795919|81.22448979591837|81.22448979591837|81.22448979591837|81.22448979591837|81.22448979591837|
| Rand Reg One Step |69.93197278911565|72.38095238095238|75.51020408163265|79.45578231292517|81.36054421768708|81.15646258503402|81.9047619047619|81.9047619047619|81.9047619047619|81.9047619047619|
| Facility Location |69.93197278911565|71.56462585034014|72.99319727891157|73.5374149659864|75.64625850340136|77.68707482993197|80.74829931972789|79.52380952380952|77.55102040816327|81.22448979591837|
| FASS |69.93197278911565|85.51020408163265|86.80272108843538|88.57142857142857|87.27891156462584|86.73469387755102|85.3061224489796|84.35374149659864|84.28571428571429|84.01360544217687|
| Random |69.93197278911565|84.48979591836735|86.93877551020408|84.82993197278911|83.40136054421768|80.74829931972789|79.8639455782313|79.79591836734694|75.23809523809524|75.10204081632654|
| BADGE |62.04081632653061|83.19727891156462|86.19047619047619|87.34693877551021|86.80272108843538|85.51020408163265|86.59863945578232|87.55102040816327|87.14285714285714|87.89115646258503|
---------------------------------------------------------------------


Unlabeled data Accuracy
---------------------------------------------------------------------
|Algo                            |228|456|684|912|1140|1368|1596|1824|2052|2280|
| One Step Taylor |92.65863825845298|91.17359413202934|94.6918694976696|96.0924600990644|96.35936582501468|97.01069855254877|97.28813559322033|97.13445995591476|96.91259021651965|96.64607237422771|
| Fac Loc Reg One Step |92.65863825845298|91.32029339853301|95.08026929052305|94.2212438084755|96.59424544920728|96.85336689741976|96.67796610169492|96.39970609845702|96.11066559743384|95.71932921447484|
| Rand Reg One Step |92.65863825845298|91.29797115619652|94.4616977225673|95.07836128677481|95.30791788856305|96.73264216148287|97.22598105548037|97.06852326859655|96.84252597921663|96.52747252747253|
| Facility Location |92.65863825845298|91.19804400977995|92.23200414293112|92.23995597138139|92.51321197886084|92.60541220893644|93.32203389830508|93.90154298310065|93.3440256615878|93.64518976169461|
| FASS |92.65863825845298|94.62102689486552|94.76954945624028|95.10181618051733|95.3904873752202|95.40591567023286|95.72881355932203|95.81190301249082|95.54931836407378|95.32215357458075|
| Random |92.65863825845298|91.23962908735969|92.573491490459|95.32531437944232|95.782431646306|95.64947172156619|95.99733155436958|96.2922966162707|96.5598123534011|96.535500427716|
| BADGE |89.20157068062828|95.82185491276401|97.84399224806202|99.02564102564102|99.21023965141612|98.17073170731707|99.68905472636816|99.6987951807229|99.78260869565217|99.80252764612955|
---------------------------------------------------------------------
