=======================================
usps_fraction:0.3_epochs:200_no of selection:10 2020-09-12 17:26:08.796264
usps :Budget =  0.3
Validation Accuracy
---------------------------------------------------------------------
|Algo                            |197|394|591|788|985|1182|1379|1576|1773|1970|
| One Step Taylor |89.58904109589041|94.24657534246575|95.47945205479452|95.47945205479452|96.43835616438356|96.57534246575342|96.84931506849315|96.43835616438356|96.84931506849315|96.84931506849315|
| Fac Loc Reg One Step |89.58904109589041|93.97260273972603|95.34246575342466|95.47945205479452|96.02739726027397|96.71232876712328|96.43835616438356|96.57534246575342|97.12328767123287|96.84931506849315|
| Rand Reg One Step |89.58904109589041|93.83561643835617|95.47945205479452|95.61643835616438|96.16438356164383|96.71232876712328|97.26027397260275|97.12328767123287|96.84931506849315|96.84931506849315|
| Facility Location |89.58904109589041|93.56164383561644|94.52054794520548|94.93150684931507|94.52054794520548|94.52054794520548|94.52054794520548|94.93150684931507|94.93150684931507|94.79452054794521|
| FASS |89.58904109589041|94.38356164383562|96.02739726027397|96.57534246575342|96.98630136986301|96.02739726027397|96.43835616438356|96.57534246575342|96.57534246575342|96.16438356164383|
| Random |89.58904109589041|91.64383561643835|93.83561643835617|94.93150684931507|94.93150684931507|94.65753424657534|93.83561643835617|95.61643835616438|95.47945205479452|96.02739726027397|
| BADGE |89.58904109589041|94.52054794520548|96.02739726027397|97.12328767123287|97.53424657534246|98.4931506849315|98.35616438356165|98.4931506849315|98.21917808219177|98.21917808219177|
---------------------------------------------------------------------


Test Accuracy
---------------------------------------------------------------------
|Algo                            |197|394|591|788|985|1182|1379|1576|1773|1970|
| One Step Taylor |84.70353761833583|88.98854010961634|90.18435475834579|91.23069257598405|91.57947184853015|92.4265072247135|92.02790234180368|92.37668161434978|92.37668161434978|92.47633283507723|
| Fac Loc Reg One Step |84.70353761833583|88.39063278525163|89.93522670652716|91.4798206278027|91.3303437967115|91.92825112107623|91.6791230692576|91.92825112107623|92.07772795216741|92.2272047832586|
| Rand Reg One Step |84.70353761833583|89.03836571998006|90.33383158943697|91.1310413552566|91.62929745889387|92.27703039362233|92.82511210762331|92.57598405580468|92.02790234180368|92.27703039362233|
| Facility Location |84.70353761833583|88.14150473343298|88.88888888888889|89.03836571998006|88.98854010961634|89.03836571998006|89.03836571998006|88.98854010961634|89.08819133034379|88.98854010961634|
| FASS |84.70353761833583|88.83906327852516|90.08470353761834|90.83208769307424|91.42999501743897|91.62929745889387|91.42999501743897|91.62929745889387|91.4798206278027|91.23069257598405|
| Random |84.70353761833583|88.19133034379671|89.33731938216243|89.88540109616343|89.98505231689089|89.68609865470852|89.78574987543597|90.83208769307424|91.08121574489287|91.23069257598405|
| BADGE |84.70353761833583|89.23766816143498|91.08121574489287|92.47633283507723|93.12406576980568|93.52267065271549|93.52267065271549|93.52267065271549|93.67214748380668|93.47284504235176|
---------------------------------------------------------------------


Unlabeled data Accuracy
---------------------------------------------------------------------
|Algo                            |197|394|591|788|985|1182|1379|1576|1773|1970|
| One Step Taylor |89.25204274041484|93.35171071833955|95.39363484087102|96.39702061319937|97.0767575322812|98.06655512176985|98.35970667695871|98.55566700100302|98.60066833751044|98.60596819864953|
| Fac Loc Reg One Step |89.25204274041484|92.07069888114157|94.90787269681742|96.37969859691668|96.95121951219512|97.82487451199107|98.12813585488229|98.61584754262789|98.76775271512113|98.82378566761054|
| Rand Reg One Step |89.25204274041484|93.25551232166018|94.8760884125921|96.45083102493075|97.02508960573476|98.03120356612185|98.11102544333076|98.37740384615384|98.8115095913261|98.95652173913044|
| Facility Location |89.25204274041484|92.28149829738933|92.76381909547739|93.27905768231422|92.88020086083213|92.71240007436326|92.4739482825164|92.65797392176529|92.37677527151212|92.15857111740361|
| FASS |89.25204274041484|92.08691422085293|94.42211055276383|94.78607309890872|95.3909612625538|96.07733779512921|96.12118873022|96.44934804413239|96.61654135338345|96.55848399041604|
| Random |89.25204274041484|91.54518950437318|93.38235294117646|93.76941663790127|93.9329050678087|94.01551533062431|93.91271056661562|94.29876837504966|94.83897605284889|95.05801461108723|
| BADGE |89.25204274041484|93.69223285227825|95.59463986599665|96.91668110168024|98.38593974175036|99.03327756088493|99.5175607873408|99.61885656970912|99.70760233918129|99.73861903724679|
---------------------------------------------------------------------
