=======================================
ijcnn1_fraction:0.3_epochs:200_no of selection:10 2020-09-06 18:50:35.190046
ijcnn1 :Budget =  0.3
Validation Accuracy
---------------------------------------------------------------------
|Algo                            |1050|2100|3150|4200|5250|6300|7350|8400|9450|10500|
| One Step Taylor |58.27538247566064|73.0528511821975|76.63421418636996|75.97357440890126|76.35605006954103|76.84283727399165|76.77329624478442|77.19054242002781|77.67732962447845|77.95549374130736|
| Fac Loc Reg One Step |58.27538247566064|66.96801112656468|68.67176634214186|71.41863699582754|72.14881780250347|74.89568845618915|75.24339360222531|75.45201668984701|76.2865090403338|76.66898470097358|
| Rand Reg One Step |58.27538247566064|72.94853963838665|77.67732962447845|76.70375521557719|76.46036161335188|77.1557719054242|76.84283727399165|77.39916550764951|77.46870653685674|77.8164116828929|
| Facility Location |58.27538247566064|66.48122392211404|68.15020862308762|68.63699582753824|69.71488178025035|70.4798331015299|71.03616133518776|71.73157162726008|71.90542420027816|72.1835883171071|
| FASS |58.27538247566064|73.47009735744089|76.4951321279555|77.53824756606397|76.9471488178025|75.6258692628651|74.30458970792768|72.00973574408901|70.82753824756607|70.20166898470097|
| Random |58.27538247566064|83.41446453407511|86.61335187760778|87.69123783031989|88.03894297635605|88.14325452016689|87.89986091794158|87.9346314325452|87.62169680111266|87.30876216968011|
| BADGE |57.99721835883171|69.92350486787204|73.33101529902642|74.65229485396384|75.2086230876217|75.55632823365787|75.90403337969401|76.84283727399165|76.9471488178025|77.05146036161335|
---------------------------------------------------------------------


Test Accuracy
---------------------------------------------------------------------
|Algo                            |1050|2100|3150|4200|5250|6300|7350|8400|9450|10500|
| One Step Taylor |53.83953168044077|66.0410927456382|70.89646464646465|68.50895316804407|70.36271808999082|68.65817263544537|67.02823691460055|68.14164370982553|67.21763085399449|65.80004591368228|
| Fac Loc Reg One Step |53.83953168044077|61.85146923783287|59.10238751147842|64.09550045913683|66.4830119375574|70.37993572084481|68.08999081726354|65.47865013774104|65.09986225895317|65.2089072543618|
| Rand Reg One Step |53.83953168044077|65.57047750229569|70.52341597796143|68.17033976124885|69.91505968778696|69.80027548209367|68.78443526170798|67.56772268135904|65.59343434343434|65.53604224058769|
| Facility Location |58.27538247566064|66.48122392211404|68.15020862308762|68.63699582753824|69.71488178025035|70.4798331015299|71.03616133518776|71.73157162726008|71.90542420027816|72.1835883171071|
| FASS |53.83953168044077|60.73232323232323|62.91896235078053|63.76262626262626|64.08976124885216|64.21028466483011|64.38246097337006|64.1643709825528|63.93480257116621|63.722451790633606|
| Random |53.83953168044077|77.86386593204774|81.33608815426997|82.55853994490359|83.42516069788797|83.40220385674931|83.45959595959596|82.84550045913683|81.72061524334252|80.53833792470157|
| BADGE |53.49517906336088|59.400826446280995|62.94765840220386|63.88314967860423|64.72681359044995|65.27777777777777|65.48438934802572|65.89187327823691|66.16735537190083|66.00665748393021|
---------------------------------------------------------------------


Unlabeled data Accuracy
---------------------------------------------------------------------
|Algo                            |1050|2100|3150|4200|5250|6300|7350|8400|9450|10500|
| One Step Taylor |90.51251840942562|91.54103343465046|93.0989010989011|93.89935064935065|94.96470588235294|95.86759581881533|96.62929475587704|97.21052631578948|97.3228962818004|97.48571428571428|
| Fac Loc Reg One Step |90.51251840942562|91.13981762917933|92.92621664050236|93.73701298701299|94.43697478991596|95.7595818815331|96.6509945750452|96.98496240601504|97.2720156555773|97.48571428571428|
| Rand Reg One Step |90.51251840942562|91.64133738601824|93.06750392464679|93.84415584415585|94.94117647058823|96.12891986062718|96.45569620253164|96.44736842105263|96.59099804305283|97.02857142857142|
| Facility Location |90.51251840942562|90.89057750759878|91.08634222919937|91.10064935064935|91.09579831932773|91.11149825783973|91.02712477396021|90.98872180451127|90.94324853228963|90.93061224489796|
| FASS |90.51251840942562|91.42857142857143|92.22605965463109|93.01623376623377|93.78151260504201|94.45296167247386|95.20795660036167|95.95864661654136|96.64187866927593|97.22448979591837|
| Random |90.51251840942562|90.79331306990882|89.09262166405024|88.38636363636364|88.01008403361345|87.7212543554007|87.55877034358048|88.64661654135338|90.04696673189824|91.2326530612245|
| BADGE |90.52135493372607|91.87537993920972|92.80376766091052|93.45779220779221|94.08403361344538|94.76655052264809|95.52260397830018|96.07894736842105|96.62622309197651|97.15102040816326|
---------------------------------------------------------------------
