=======================================
letter_fraction:0.3_epochs:200_no of selection:10 2020-09-12 17:31:50.188364
letter :Budget =  0.3
Validation Accuracy
---------------------------------------------------------------------
|Algo                            |237|474|711|948|1185|1422|1659|1896|2133|2370|
| One Step Taylor |19.256582343830665|30.485286525554983|31.56943727413526|33.815178110480126|40.423335054207534|45.27620030975736|47.96076406814662|48.21889519876097|53.84615384615385|56.14352090862158|
| Fac Loc Reg One Step |19.256582343830665|30.66597831698503|27.95560144553433|32.96334537945276|37.842023748064015|41.40423335054208|45.30201342281879|47.67681982447083|52.219927723283426|55.80795043882292|
| Rand Reg One Step |19.256582343830665|31.95663397005679|30.795043882292205|35.31233866804337|43.495095508518325|48.55446566855963|52.219927723283426|52.73618998451213|49.97418688693856|54.95611770779556|
| Facility Location |19.256582343830665|34.07330924109448|39.72638100154879|46.257098606091894|49.380485286525555|51.60041300980898|52.86525554981931|56.711409395973156|57.53742901393908|56.8146618482189|
| FASS |19.256582343830665|15.745998967475478|28.75580795043882|42.152813629323695|47.13474445018069|46.3345379452762|50.851832731027365|56.58234383066598|56.272586473928754|58.26019617965927|
| Random |19.256582343830665|29.4011357769747|44.70831182240578|55.91120289106866|60.94475993804853|51.47134744450181|52.47805885389778|53.89778007227672|54.46566855962829|54.46566855962829|
| BADGE |22.328342798141456|31.543624161073826|40.78471863706763|45.50851832731028|47.96076406814662|47.67681982447083|46.90242643262778|45.50851832731028|42.30769230769231|40.371708828084664|
---------------------------------------------------------------------


Test Accuracy
---------------------------------------------------------------------
|Algo                            |237|474|711|948|1185|1422|1659|1896|2133|2370|
| One Step Taylor |18.03316444035007|30.055274067250114|31.460156609857208|33.30262551819438|39.59005066789498|44.79502533394749|48.41087056655919|48.572086596038694|53.431598341777985|56.4486411791801|
| Fac Loc Reg One Step |18.03316444035007|29.663749424228467|27.729157070474436|33.18747121142331|38.0469829571626|41.064025794564714|44.61077844311377|48.13450023030861|51.31275909719024|55.020727775218795|
| Rand Reg One Step |18.03316444035007|31.437125748502993|30.999539382772916|36.11239060340857|43.41317365269461|48.36480884385076|52.09580838323353|52.00368493781667|50.6218332565638|55.20497466605251|
| Facility Location |18.03316444035007|33.41777982496546|38.89912482726854|45.04836480884385|49.746660525103636|51.842468908337175|52.8327959465684|56.471672040534315|58.08383233532934|57.83049286043298|
| FASS |18.03316444035007|15.684016582220176|29.38737908797789|41.63979732842008|46.660525103638875|45.78535237217872|49.239981575310914|55.13588208198987|55.59649930907416|57.922616305849836|
| Random |18.03316444035007|28.62736066328881|43.75863657300783|55.43528327959466|61.0087517273146|53.54675264854905|52.62551819438047|54.05343159834178|54.35283279594657|55.3431598341778|
| BADGE |20.7508060801474|32.035928143712574|41.63979732842008|46.982957162597884|48.91754951635191|48.341777982496545|47.19023491478581|45.57807461999079|41.939198526024875|39.981575310916625|
---------------------------------------------------------------------


Unlabeled data Accuracy
---------------------------------------------------------------------
|Algo                            |237|474|711|948|1185|1422|1659|1896|2133|2370|
| One Step Taylor |23.58712715855573|34.76441204266234|39.06555090655509|42.521275061301026|49.313022700119475|53.16612478711875|55.946640951462555|58.613199665831246|63.535142658315934|64.52549446561423|
| Fac Loc Reg One Step |23.58712715855573|34.12987714324288|33.52859135285914|37.92009231213039|42.21923536439665|49.43489704288589|52.475088396014144|57.20969089390142|58.50730688935282|62.76537833424061|
| Rand Reg One Step |23.58712715855573|36.60907127429805|38.13441160066927|43.54094579008074|48.95522388059702|55.92512376237624|60.51701991008349|61.4652870493992|61.9006254343294|67.1195652173913|
| Facility Location |23.58712715855573|39.92169569326313|50.0836820083682|56.57002740516371|62.39545997610514|63.47731847035145|65.1880424300868|68.00334168755221|69.2936673625609|70.89457448738887|
| FASS |23.58712715855573|15.9308761981909|33.11018131101813|43.213616039232654|52.389486260454|54.69886979408577|61.29861780777885|65.48036758563074|70.82463465553236|72.70912720014516|
| Random |23.58712715855573|33.02294197031039|45.44314381270903|56.295015845577645|59.332140727489566|65.44640098856966|68.41346153846153|71.52847152847153|73.37144837144837|73.61863488624051|
| BADGE |29.547540983606556|41.838115863562535|56.1739616836806|62.68440844663002|65.85292796165943|64.8913043478261|59.890375624697725|55.12906469996648|48.385407575493105|44.209759650400585|
---------------------------------------------------------------------
