=======================================
satimage_fraction:0.4_epochs:200_no of selection:10 2020-09-12 20:19:43.911469
satimage :Budget =  0.4
Validation Accuracy
---------------------------------------------------------------------
|Algo                            |125|250|375|500|625|750|875|1000|1125|1250|
| One Step Taylor |79.86476333583772|81.36739293764087|83.54620586025544|82.71975957926371|84.74830954169798|84.89857250187829|85.27422990232908|84.29752066115702|84.44778362133734|83.9969947407964|
| Fac Loc Reg One Step |79.86476333583772|80.69120961682945|83.0954169797145|83.69646882043577|83.84673178061608|84.5229151014275|84.59804658151765|84.59804658151765|84.59804658151765|83.6213373403456|
| Rand Reg One Step |79.86476333583772|79.26371149511645|83.47107438016529|82.94515401953419|83.84673178061608|84.67317806160781|85.0488354620586|85.72501878287002|85.64988730277986|84.97370398196844|
| Facility Location |79.86476333583772|83.0954169797145|84.37265214124719|83.9969947407964|83.9969947407964|83.92186326070623|84.07212622088655|84.59804658151765|84.44778362133734|83.54620586025544|
| FASS |79.86476333583772|83.77160030052592|84.97370398196844|84.89857250187829|85.57475582268971|84.44778362133734|84.74830954169798|84.89857250187829|84.59804658151765|84.5229151014275|
| Random |79.86476333583772|82.64462809917356|82.71975957926371|83.17054845980466|83.9969947407964|83.9969947407964|83.6213373403456|82.87002253944402|82.79489105935387|85.19909842223892|
| BADGE |79.78963185574756|82.5694966190834|83.92186326070623|80.09015777610819|81.29226145755071|82.94515401953419|82.94515401953419|81.51765589782119|81.21712997746056|80.7663410969196|
---------------------------------------------------------------------


Test Accuracy
---------------------------------------------------------------------
|Algo                            |125|250|375|500|625|750|875|1000|1125|1250|
| One Step Taylor |80.45|78.1|81.25|82.45|83.7|84.1|83.8|83.45|82.4|83.05|
| Fac Loc Reg One Step |80.45|77.05|81.85|82.85|83.5|83.7|83.55|82.75|83.4|83.6|
| Rand Reg One Step |80.45|76.05|81.7|81.1|83.0|83.6|84.9|85.25|85.55|84.7|
| Facility Location |80.45|80.8|83.0|82.9|83.1|82.2|82.9|82.55|82.2|83.85|
| FASS |80.45|80.75|82.8|83.75|84.35|83.75|84.5|83.85|84.25|84.5|
| Random |80.45|80.15|82.5|82.1|82.55|83.0|82.2|82.3|83.55|84.7|
| BADGE |80.4|82.05|84.8|84.5|85.25|85.55|86.05|85.05|85.5|85.65|
---------------------------------------------------------------------


Unlabeled data Accuracy
---------------------------------------------------------------------
|Algo                            |125|250|375|500|625|750|875|1000|1125|1250|
| One Step Taylor |82.00738502853306|78.94183601962159|83.47379992671308|85.44546850998464|86.68818071803146|88.36023789294818|88.42530282637954|88.40304182509506|87.46841839312785|88.02588996763754|
| Fac Loc Reg One Step |82.00738502853306|77.54029432375613|83.58373030414072|85.9831029185868|86.64784187172246|87.93542905692438|87.88694481830417|88.30798479087453|87.56947953511875|87.32470334412082|
| Rand Reg One Step |82.00738502853306|78.0385288966725|83.81545221530575|83.04564633678558|85.34031413612566|86.60449342941925|88.81431767337807|90.76267171956418|92.24962254655259|92.914653784219|
| Facility Location |82.00738502853306|82.41065171688858|85.30597288384024|85.71428571428571|86.20411456232351|86.32115548003398|86.94481830417227|86.59695817490494|86.71045982819606|86.73139158576052|
| FASS |82.00738502853306|83.21653819201121|86.66178087211432|87.67281105990783|89.22952803549819|90.78164825828377|92.86675639300135|94.62927756653993|96.00808489135927|96.81769147788565|
| Random |82.00738502853306|81.63693599160545|83.46111719605696|84.15425735013363|85.91436574629851|87.64186633039093|85.70163789287295|84.61898083216457|87.66716196136701|88.88888888888889|
| BADGE |81.87311178247734|85.87946741415557|88.53059728838403|89.51612903225806|91.04477611940298|91.97111299915038|93.13593539703903|94.24904942965779|94.94694290045477|95.90075512405609|
---------------------------------------------------------------------
