=======================================
connect_4_fraction:0.2_epochs:200_no of selection:10 2020-09-11 11:28:46.430190
connect_4 :Budget =  0.2
Validation Accuracy
---------------------------------------------------------------------
|Algo                            |1095|2190|3285|4380|5475|6570|7665|8760|9855|10950|
| One Step Taylor |47.29811778992107|43.47298117789921|49.18032786885246|54.159077109896785|57.86278081360049|61.50576806314511|63.995142683667275|64.54159077109897|65.33090467516698|66.18093503339405|
| Fac Loc Reg One Step |47.29811778992107|43.29083181542198|49.848208864602306|56.34486945962356|60.41287188828172|62.11293260473588|64.7237401335762|64.96660595021251|65.08803885853067|65.14875531268974|
| Rand Reg One Step |47.29811778992107|46.083788706739526|54.82695810564663|61.14146933819065|62.23436551305404|63.02367941712204|64.29872495446266|65.7559198542805|66.0595021250759|65.63448694596235|
| Facility Location |47.29811778992107|52.70188221007893|57.74134790528233|59.137826350941104|62.47723132969035|62.41651487553127|62.47723132969035|63.20582877959927|63.69156041287189|65.02732240437159|
| FASS |47.29811778992107|42.926533090467515|45.65877352762599|48.33029751062538|51.79113539769278|53.97692774741955|56.769884638737096|59.50212507589557|63.752276867030965|64.42015786278081|
| Random |47.29811778992107|52.09471766848816|57.31633272616879|59.80570734669095|60.89860352155434|62.052216150576804|62.47723132969035|61.32361870066788|64.96660595021251|65.39162112932604|
| BADGE |47.783849423193686|51.7304189435337|54.28051001821493|55.31268973891925|56.10200364298725|58.287795992714024|59.137826350941104|59.80570734669095|59.25925925925926|59.684274438372796|
---------------------------------------------------------------------


Test Accuracy
---------------------------------------------------------------------
|Algo                            |1095|2190|3285|4380|5475|6570|7665|8760|9855|10950|
| One Step Taylor |46.64602683178535|45.717234262125906|50.20639834881321|53.250773993808046|59.18472652218782|61.50670794633643|62.693498452012385|64.08668730650155|63.98348813209494|64.86068111455108|
| Fac Loc Reg One Step |46.64602683178535|44.47884416924665|50.61919504643963|55.624355005159956|59.545923632610936|61.81630546955624|64.34468524251805|64.86068111455108|65.1186790505676|65.89267285861713|
| Rand Reg One Step |46.64602683178535|47.6780185758514|54.3859649122807|58.92672858617131|61.55830753353973|64.75748194014447|64.86068111455108|64.70588235294117|64.91228070175438|65.0670794633643|
| Facility Location |47.29811778992107|52.70188221007893|57.74134790528233|59.137826350941104|62.47723132969035|62.41651487553127|62.47723132969035|63.20582877959927|63.69156041287189|65.02732240437159|
| FASS |46.64602683178535|40.60887512899897|43.550051599587206|45.20123839009288|48.090815273477816|51.18679050567595|53.76676986584107|56.86274509803921|59.44272445820433|62.487100103199175|
| Random |46.64602683178535|53.19917440660475|57.17234262125903|59.44272445820433|60.526315789473685|62.43550051599587|64.03508771929825|63.880288957688336|64.55108359133126|63.880288957688336|
| BADGE |47.21362229102167|51.083591331269346|53.250773993808046|54.74716202270382|55.830753353973165|56.86274509803921|58.51393188854489|58.61713106295149|58.61713106295149|61.14551083591331|
---------------------------------------------------------------------


Unlabeled data Accuracy
---------------------------------------------------------------------
|Algo                            |1095|2190|3285|4380|5475|6570|7665|8760|9855|10950|
| One Step Taylor |73.35011655011655|24.275652008376166|34.76037717507534|46.05681366706396|55.86963143466342|62.911734164070616|67.4699819360323|71.0443864229765|73.8392956647721|75.6157185286726|
| Fac Loc Reg One Step |73.35011655011655|24.604987626118408|36.72596480995431|48.13865713150576|57.833282566758044|64.91588785046729|69.0638614387419|72.1018276762402|74.00423492700324|75.76879140964131|
| Rand Reg One Step |73.35011655011655|29.890921551084123|47.864377782530084|59.12837931787935|65.27645231375256|68.86304641262589|71.8493019697839|73.02412600343725|74.79107703964522|76.18264464697685|
| Facility Location |73.35011655011655|48.70359794403198|52.077379216486825|55.65355582042114|58.71662097674891|60.346832814122536|62.51832961428116|63.239773716275025|65.16438203499386|65.32556545579163|
| FASS |73.35011655011655|17.475728155339805|19.517838048021776|22.920143027413587|27.340846786475783|33.061266874350984|39.13930506853682|45.78111401218451|54.4076674467848|60.99154672149874|
| Random |73.35011655011655|41.61812297734628|46.993292505103526|49.61462058005562|53.99126814905067|56.797507788161994|57.530549357135264|59.05570060922541|61.45324863479327|60.52547406899703|
| BADGE |73.32400932400932|76.29164287074053|78.04607757363662|79.04449741756059|80.27210884353741|81.19003115264798|82.13367336096057|83.15491731940818|83.93402429510755|84.71098926205164|
---------------------------------------------------------------------
