=======================================
shrink_large_linsep_4_fraction:0.1_epochs:200_no of selection:10 2020-08-31 00:52:55.002582
shrink_large_linsep_4 :Budget =  0.1
Validation Accuracy
---------------------------------------------------------------------
|Algo                            |35|70|105|140|175|210|245|280|315|350|
| Taylor Online |93.6|100.0|100.0|100.0|100.0|100.0|100.0|100.0|100.0|100.0|
| Full OneStep |93.6|100.0|100.0|100.0|100.0|100.0|100.0|100.0|100.0|100.0|
| Facloc Regularized |93.6|100.0|100.0|100.0|100.0|100.0|100.0|100.0|100.0|100.0|
| Random Greedy |93.6|100.0|100.0|100.0|100.0|100.0|100.0|100.0|100.0|100.0|
| Facility Location |98.6|100.0|100.0|100.0|100.0|100.0|100.0|100.0|100.0|100.0|
| FASS |93.6|96.0|100.0|99.8|99.4|98.8|98.4|99.6|100.0|100.0|
| Random |93.6|100.0|100.0|100.0|100.0|100.0|100.0|100.0|100.0|100.0|
| Random Perturbation |93.6|100.0|100.0|100.0|100.0|100.0|100.0|100.0|100.0|100.0|
| BADGE |100.0|100.0|100.0|100.0|100.0|100.0|100.0|100.0|100.0|100.0|
---------------------------------------------------------------------


Test Accuracy
---------------------------------------------------------------------
|Algo                            |35|70|105|140|175|210|245|280|315|350|
| Taylor Online |93.4|100.0|100.0|100.0|100.0|100.0|100.0|100.0|100.0|100.0|
| Full OneStep |93.4|100.0|100.0|100.0|100.0|100.0|100.0|100.0|100.0|100.0|
| Facloc Regularized |93.4|100.0|100.0|100.0|100.0|100.0|100.0|100.0|100.0|100.0|
| Random Greedy |93.4|100.0|100.0|100.0|100.0|100.0|100.0|100.0|100.0|100.0|
| Facility Location |98.6|100.0|100.0|100.0|100.0|100.0|100.0|100.0|100.0|100.0|
| FASS |93.4|95.3|100.0|99.6|99.1|98.4|97.5|99.3|100.0|100.0|
| Random |93.4|100.0|100.0|100.0|100.0|100.0|100.0|100.0|100.0|100.0|
| Random Perturbation |93.4|100.0|100.0|100.0|100.0|100.0|100.0|100.0|100.0|100.0|
| BADGE |99.9|100.0|100.0|100.0|100.0|100.0|100.0|100.0|100.0|100.0|
---------------------------------------------------------------------


Unlabeled data Accuracy
---------------------------------------------------------------------
|Algo                            |35|70|105|140|175|210|245|280|315|350|
| Taylor Online |84.84848484848484|96.99708454810495|97.67304860088365|98.06547619047619|98.25563909774436|98.419452887538|98.37173579109063|98.47826086956522|98.64992150706436|98.63492063492063|
| Full OneStep |84.84848484848484|97.1137026239067|97.73195876288659|97.82738095238095|98.01503759398496|98.14589665653496|98.24884792626727|98.22981366459628|98.24175824175825|98.25396825396825|
| Facloc Regularized |84.84848484848484|97.43440233236151|97.82032400589101|98.06547619047619|98.25563909774436|98.35866261398176|98.49462365591398|98.6024844720497|98.712715855573|98.7936507936508|
| Random Greedy |84.84848484848484|97.20198192946663|97.64498086546953|98.21587867975022|98.19765695404026|98.36115326251897|98.46672799754677|98.48156182212581|98.6533041027247|98.76543209876543|
| Facility Location |93.5930735930736|97.46355685131195|97.99705449189985|98.0952380952381|98.19548872180451|98.26747720364742|98.31029185867895|98.2919254658385|98.24175824175825|98.22222222222223|
| FASS |84.84848484848484|89.47521865889213|95.87628865979381|95.50595238095238|94.01503759398496|92.82674772036474|92.13517665130568|94.53416149068323|98.27315541601256|98.66666666666667|
| Random |84.84848484848484|97.43440233236151|97.73195876288659|97.73809523809524|97.65413533834587|97.99392097264437|98.15668202764977|98.32298136645963|98.33594976452119|98.34920634920636|
| Random Perturbation |84.84848484848484|97.60932944606414|97.76141384388806|97.82738095238095|97.77443609022556|97.78115501519757|97.75729646697388|97.7639751552795|97.83359497645212|97.84126984126983|
| BADGE |96.99708454810495|98.08541973490428|98.1547619047619|98.3157894736842|98.32826747720365|98.18740399385561|98.47826086956522|98.5243328100471|98.57142857142857|98.58747993579455|
---------------------------------------------------------------------
