=======================================
dna_fraction:0.4_epochs:200_no of selection:10 2020-09-12 20:07:32.128253
dna :Budget =  0.4
Validation Accuracy
---------------------------------------------------------------------
|Algo                            |56|112|168|224|280|336|392|448|504|560|
| One Step Taylor |59.666666666666664|85.0|90.33333333333333|91.0|92.5|93.16666666666667|94.66666666666667|94.66666666666667|95.66666666666667|95.5|
| Fac Loc Reg One Step |59.666666666666664|84.83333333333333|90.83333333333333|91.83333333333333|91.66666666666667|93.5|93.83333333333333|95.0|95.66666666666667|95.5|
| Rand Reg One Step |59.666666666666664|84.0|90.33333333333333|92.83333333333333|93.83333333333333|94.16666666666667|93.66666666666667|94.33333333333333|94.83333333333333|94.66666666666667|
| Facility Location |59.666666666666664|81.0|87.5|87.83333333333333|89.16666666666667|90.5|90.5|89.66666666666667|90.66666666666667|92.5|
| FASS |59.666666666666664|84.33333333333333|89.33333333333333|93.5|93.66666666666667|94.5|94.83333333333333|95.5|94.33333333333333|94.16666666666667|
| Random |59.666666666666664|82.83333333333333|87.83333333333333|89.66666666666667|90.16666666666667|89.83333333333333|91.66666666666667|91.83333333333333|93.0|92.5|
| BADGE |59.666666666666664|85.16666666666667|88.33333333333333|91.16666666666667|91.0|92.83333333333333|93.5|95.66666666666667|95.0|95.5|
---------------------------------------------------------------------


Test Accuracy
---------------------------------------------------------------------
|Algo                            |56|112|168|224|280|336|392|448|504|560|
| One Step Taylor |59.02192242833052|83.05227655986509|89.29173693086004|90.55649241146712|91.48397976391232|92.49578414839797|92.91736930860034|93.3389544688027|93.76053962900505|93.59190556492412|
| Fac Loc Reg One Step |59.02192242833052|84.31703204047217|89.12310286677909|91.56829679595278|91.39966273187184|92.66441821247892|92.66441821247892|93.08600337268128|92.58010118043845|93.50758853288364|
| Rand Reg One Step |59.02192242833052|82.88364249578414|88.61720067453625|90.64080944350759|92.15851602023609|92.32715008431703|93.3389544688027|93.00168634064082|93.50758853288364|93.42327150084317|
| Facility Location |59.02192242833052|79.84822934232714|87.35244519392917|88.87015177065767|89.54468802698145|89.03878583473862|90.893760539629|90.3035413153457|90.80944350758853|91.06239460370995|
| FASS |59.02192242833052|85.66610455311972|89.96627318718382|90.13490725126475|90.21922428330522|90.72512647554807|91.56829679595278|92.4114671163575|92.07419898819562|92.66441821247892|
| Random |59.02192242833052|83.13659359190557|88.11129848229342|88.53288364249579|89.7133220910624|89.7133220910624|90.38785834738617|90.21922428330522|90.64080944350759|91.14671163575042|
| BADGE |58.93760539629005|82.71500843170321|88.11129848229342|90.3035413153457|92.66441821247892|92.91736930860034|93.00168634064082|93.3389544688027|94.2664418212479|93.84485666104553|
---------------------------------------------------------------------


Unlabeled data Accuracy
---------------------------------------------------------------------
|Algo                            |56|112|168|224|280|336|392|448|504|560|
| One Step Taylor |57.06845238095238|85.32608695652173|91.88311688311688|93.70748299319727|95.17857142857143|96.42857142857143|97.22222222222223|97.47899159663865|98.4375|98.80952380952381|
| Fac Loc Reg One Step |57.06845238095238|85.17080745341615|91.23376623376623|93.45238095238095|95.08928571428571|95.67669172932331|97.12301587301587|97.58403361344538|98.4375|98.45238095238095|
| Rand Reg One Step |57.06845238095238|84.56167571761056|90.76175040518639|92.70568278201866|93.95017793594306|95.0420954162769|96.05522682445759|96.2460896767466|96.90265486725664|98.11542991755006|
| Facility Location |57.06845238095238|77.79503105590062|85.79545454545455|87.5|88.125|88.43984962406014|88.4920634920635|88.4453781512605|89.0625|90.23809523809524|
| FASS |57.06845238095238|83.46273291925466|90.74675324675324|92.09183673469387|93.48214285714286|93.89097744360902|94.14682539682539|95.16806722689076|95.98214285714286|95.95238095238095|
| Random |57.06845238095238|83.10077519379846|88.9967637540453|89.5093062605753|89.53900709219859|89.3854748603352|88.82352941176471|89.54451345755693|90.89912280701755|92.07459207459208|
| BADGE |56.99404761904762|85.01552795031056|89.6103896103896|90.90136054421768|92.85714285714286|94.54887218045113|96.42857142857143|97.58403361344538|98.32589285714286|99.04761904761905|
---------------------------------------------------------------------
