=======================================
dna_fraction:0.2_epochs:200_no of selection:10 2020-09-08 19:47:26.702876
dna :Budget =  0.2
Validation Accuracy
---------------------------------------------------------------------
|Algo                            |28|56|84|112|140|168|196|224|252|280|
| One Step Taylor |53.0|74.33333333333333|78.5|79.33333333333333|83.83333333333333|83.33333333333333|86.0|85.83333333333333|88.66666666666667|88.33333333333333|
| Fac Loc Reg One Step |53.0|74.33333333333333|80.0|83.16666666666667|83.5|85.66666666666667|88.33333333333333|89.33333333333333|90.16666666666667|90.66666666666667|
| Rand Reg One Step |53.0|72.5|79.66666666666667|81.5|84.33333333333333|86.16666666666667|88.0|90.0|90.83333333333333|90.0|
| Facility Location |53.0|60.666666666666664|66.0|70.66666666666667|74.0|74.5|75.83333333333333|77.83333333333333|77.33333333333333|77.5|
| FASS |53.0|55.5|59.166666666666664|61.833333333333336|65.0|65.66666666666667|66.33333333333333|67.16666666666667|68.0|67.0|
| Random |53.0|66.16666666666667|70.0|76.33333333333333|78.33333333333333|81.33333333333333|83.0|82.0|82.5|83.66666666666667|
| BADGE |39.333333333333336|68.66666666666667|75.0|77.0|80.0|81.16666666666667|84.66666666666667|85.33333333333333|87.83333333333333|88.5|
---------------------------------------------------------------------


Test Accuracy
---------------------------------------------------------------------
|Algo                            |28|56|84|112|140|168|196|224|252|280|
| One Step Taylor |53.119730185497474|71.66947723440136|76.89713322091062|77.65598650927487|81.53456998313659|81.78752107925801|85.7504215851602|85.58178752107926|87.35244519392917|87.68971332209107|
| Fac Loc Reg One Step |53.119730185497474|71.66947723440136|78.92074198988196|82.71500843170321|80.77571669477234|83.72681281618887|86.93086003372682|86.76222596964587|88.95446880269814|89.12310286677909|
| Rand Reg One Step |53.119730185497474|71.75379426644182|82.37774030354132|82.54637436762226|83.22091062394604|85.07588532883642|87.85834738617201|88.02698145025295|89.96627318718382|89.62900505902192|
| Facility Location |53.0|60.666666666666664|66.0|70.66666666666667|74.0|74.5|75.83333333333333|77.83333333333333|77.33333333333333|77.5|
| FASS |53.119730185497474|60.70826306913997|62.98482293423272|65.85160202360876|66.27318718381113|68.38111298482293|68.29679595278246|68.88701517706576|68.04384485666104|69.13996627318718|
| Random |53.119730185497474|68.12816188870151|69.05564924114671|74.95784148397976|78.16188870151771|79.00505902192243|81.11298482293424|81.70320404721754|82.71500843170321|83.05227655986509|
| BADGE |38.195615514333895|67.70657672849916|76.13827993254637|74.78920741989882|80.35413153456999|82.46205733558179|83.30522765598651|82.88364249578414|86.6779089376054|85.7504215851602|
---------------------------------------------------------------------


Unlabeled data Accuracy
---------------------------------------------------------------------
|Algo                            |28|56|84|112|140|168|196|224|252|280|
| One Step Taylor |52.478134110787174|74.55357142857143|78.72340425531915|78.80434782608695|82.53968253968254|84.6590909090909|87.62458471760797|88.5204081632653|89.54703832752614|90.17857142857143|
| Fac Loc Reg One Step |52.478134110787174|74.55357142857143|79.7112462006079|81.83229813664596|82.6984126984127|86.4448051948052|88.12292358803987|88.43537414965986|90.6794425087108|90.44642857142857|
| Rand Reg One Step |52.478134110787174|73.38289962825279|81.03186646433991|82.64910921766072|84.17721518987342|84.47857720291027|88.59504132231405|90.53254437869822|92.99307958477509|93.00265721877768|
| Facility Location |52.478134110787174|57.589285714285715|64.58966565349544|65.91614906832298|69.60317460317461|71.5909090909091|72.17607973421927|73.63945578231292|72.99651567944251|71.875|
| FASS |52.478134110787174|57.56026296566837|62.29868228404099|65.00366837857666|65.80882352941177|67.50184229918939|67.13441654357459|67.87564766839378|68.026706231454|67.36059479553903|
| Random |52.478134110787174|68.62453531598513|70.40971168437027|72.96669248644461|75.63291139240506|77.8496362166532|79.0909090909091|79.54353338968724|80.01730103806229|80.51372896368467|
| BADGE |36.9533527696793|69.56845238095238|76.21580547112463|78.80434782608695|82.22222222222223|83.52272727272727|86.62790697674419|85.96938775510205|89.11149825783973|88.57142857142857|
---------------------------------------------------------------------
