=======================================
satimage_fraction:0.5_epochs:200_no of selection:10 2020-09-09 04:06:21.441850
satimage :Budget =  0.5
Validation Accuracy
---------------------------------------------------------------------
|Algo                            |118|236|354|472|590|708|826|944|1062|1180|
| One Step Taylor |78.42105263157895|78.94736842105263|76.14035087719299|70.35087719298245|72.10526315789474|77.36842105263158|69.64912280701755|69.64912280701755|65.43859649122807|62.63157894736842|
| Fac Loc Reg One Step |78.42105263157895|81.40350877192982|65.26315789473684|74.56140350877193|78.7719298245614|72.28070175438596|74.91228070175438|73.85964912280701|69.12280701754386|68.7719298245614|
| Rand Reg One Step |78.42105263157895|78.59649122807018|77.71929824561404|71.2280701754386|74.3859649122807|69.47368421052632|67.71929824561404|72.28070175438596|78.7719298245614|63.333333333333336|
| Facility Location |78.42105263157895|81.40350877192982|79.12280701754386|77.01754385964912|77.36842105263158|80.17543859649123|77.36842105263158|80.0|79.82456140350877|77.89473684210526|
| FASS |78.42105263157895|74.3859649122807|79.64912280701755|79.12280701754386|76.84210526315789|78.0701754385965|73.50877192982456|71.40350877192982|72.98245614035088|72.63157894736842|
| Random |78.42105263157895|79.82456140350877|77.54385964912281|67.54385964912281|66.3157894736842|64.73684210526316|66.3157894736842|64.03508771929825|64.56140350877193|59.824561403508774|
| BADGE |61.228070175438596|72.10526315789474|79.29824561403508|79.64912280701755|80.52631578947368|80.87719298245614|81.9298245614035|83.6842105263158|84.3859649122807|83.85964912280701|
---------------------------------------------------------------------


Test Accuracy
---------------------------------------------------------------------
|Algo                            |118|236|354|472|590|708|826|944|1062|1180|
| One Step Taylor |77.40916271721959|80.25276461295418|81.27962085308057|69.826224328594|71.87993680884676|74.64454976303317|69.3522906793049|68.32543443917851|64.77093206951027|63.191153238546605|
| Fac Loc Reg One Step |77.40916271721959|83.17535545023696|62.16429699842022|75.35545023696683|74.96050552922591|71.80094786729858|71.87993680884676|74.4865718799368|67.29857819905213|69.19431279620854|
| Rand Reg One Step |77.40916271721959|80.173775671406|76.22432859399684|72.90679304897314|72.90679304897314|69.51026856240127|67.61453396524486|74.32859399684044|79.14691943127963|63.42812006319115|
| Facility Location |78.42105263157895|81.40350877192982|79.12280701754386|77.01754385964912|77.36842105263158|80.17543859649123|77.36842105263158|80.0|79.82456140350877|77.89473684210526|
| FASS |77.40916271721959|73.93364928909952|78.59399684044234|78.19905213270142|78.12006319115324|76.22432859399684|74.24960505529226|70.3001579778831|71.24802527646129|71.95892575039494|
| Random |77.40916271721959|79.30489731437599|78.35703001579779|66.66666666666667|66.74565560821485|66.82464454976304|65.48183254344391|65.00789889415482|63.34913112164297|59.47867298578199|
| BADGE |61.29541864139021|73.45971563981043|79.6998420221169|80.01579778830964|82.46445497630332|83.4913112164297|83.88625592417061|85.62401263823065|86.01895734597156|85.86097946287519|
---------------------------------------------------------------------


Unlabeled data Accuracy
---------------------------------------------------------------------
|Algo                            |118|236|354|472|590|708|826|944|1062|1180|
| One Step Taylor |82.05013428827216|82.41965973534971|82.83283283283284|83.56382978723404|85.64131668558456|86.98296836982968|89.25294888597641|92.04545454545455|92.63565891472868|91.12627986348123|
| Fac Loc Reg One Step |82.05013428827216|84.64083175803403|68.71871871871872|81.80851063829788|83.82519863791147|85.76642335766424|86.50065530799476|90.05681818181819|90.23255813953489|93.00341296928327|
| Rand Reg One Step |82.05013428827216|81.62494095418045|78.3|81.51885289431758|87.14609286523216|89.20557913887204|88.38120104438643|91.37809187279152|89.21417565485362|90.85520745131245|
| Facility Location |82.05013428827216|85.4914933837429|82.68268268268268|83.19148936170212|82.46311010215663|80.71776155717761|82.11009174311927|86.2215909090909|86.51162790697674|82.93515358361775|
| FASS |82.05013428827216|75.37807183364839|82.13213213213213|84.62765957446808|82.5766174801362|87.22627737226277|87.2870249017038|88.13920454545455|87.59689922480621|90.27303754266211|
| Random |82.05013428827216|78.72641509433963|81.85443668993021|82.45243128964059|77.72778402699663|83.23317307692308|78.7741935483871|82.59052924791087|81.46747352496217|77.98013245033113|
| BADGE |81.87108325872873|85.20793950850661|87.88788788788789|89.20212765957447|91.43019296254256|92.7007299270073|94.10222804718218|95.24147727272727|96.2015503875969|97.09897610921502|
---------------------------------------------------------------------
