=======================================
svmguide1_fraction:0.3_epochs:200_no of selection:10 2020-09-09 05:10:50.890574
svmguide1 :Budget =  0.3
Validation Accuracy
---------------------------------------------------------------------
|Algo                            |84|168|252|336|420|504|588|672|756|840|
| One Step Taylor |94.94949494949495|94.94949494949495|96.46464646464646|96.46464646464646|94.94949494949495|93.43434343434343|91.41414141414141|91.41414141414141|91.41414141414141|91.41414141414141|
| Fac Loc Reg One Step |94.94949494949495|94.94949494949495|96.46464646464646|96.46464646464646|94.94949494949495|93.43434343434343|91.41414141414141|91.41414141414141|91.41414141414141|91.41414141414141|
| Rand Reg One Step |94.94949494949495|94.94949494949495|97.47474747474747|96.46464646464646|96.96969696969697|96.46464646464646|95.45454545454545|93.43434343434343|96.46464646464646|97.97979797979798|
| Facility Location |94.94949494949495|94.94949494949495|95.45454545454545|93.43434343434343|97.47474747474747|95.95959595959596|96.96969696969697|91.91919191919192|96.46464646464646|96.96969696969697|
| FASS |94.94949494949495|95.45454545454545|98.48484848484848|97.47474747474747|97.47474747474747|96.46464646464646|96.96969696969697|94.94949494949495|95.95959595959596|96.46464646464646|
| Random |94.94949494949495|95.45454545454545|95.45454545454545|94.44444444444444|91.91919191919192|97.47474747474747|96.46464646464646|97.97979797979798|95.95959595959596|96.46464646464646|
| BADGE |92.42424242424242|95.45454545454545|96.96969696969697|97.47474747474747|98.48484848484848|97.97979797979798|97.47474747474747|97.97979797979798|97.47474747474747|97.97979797979798|
---------------------------------------------------------------------


Test Accuracy
---------------------------------------------------------------------
|Algo                            |84|168|252|336|420|504|588|672|756|840|
| One Step Taylor |94.175|95.5|95.725|96.35|95.375|94.775|92.325|92.0|92.0|92.0|
| Fac Loc Reg One Step |94.175|95.5|95.725|96.35|95.375|94.775|92.325|92.0|92.0|92.0|
| Rand Reg One Step |94.175|96.375|96.325|96.5|96.35|94.925|94.75|93.5|95.45|95.85|
| Facility Location |94.94949494949495|94.94949494949495|95.45454545454545|93.43434343434343|97.47474747474747|95.95959595959596|96.96969696969697|91.91919191919192|96.46464646464646|96.96969696969697|
| FASS |94.175|95.9|96.7|97.05|95.75|94.475|96.2|94.875|95.375|95.8|
| Random |94.175|93.625|95.3|93.25|91.525|94.2|95.2|94.9|93.125|95.675|
| BADGE |93.35|95.75|96.55|96.625|96.9|96.9|96.65|96.775|96.825|96.9|
---------------------------------------------------------------------


Unlabeled data Accuracy
---------------------------------------------------------------------
|Algo                            |84|168|252|336|420|504|588|672|756|840|
| One Step Taylor |93.76854599406528|95.48238897396631|96.12341772151899|96.89034369885434|97.07627118644068|97.18804920913884|97.21715328467154|97.15370018975332|97.03557312252964|96.90721649484536|
| Fac Loc Reg One Step |93.76854599406528|95.48238897396631|96.12341772151899|96.89034369885434|97.07627118644068|97.18804920913884|97.21715328467154|97.15370018975332|97.03557312252964|96.90721649484536|
| Rand Reg One Step |93.76854599406528|96.47914274779946|96.60079051383399|97.5071516142215|98.05414551607446|98.37790442788251|98.40764331210191|98.43971631205673|97.29330708661418|98.81990764494613|
| Facility Location |93.76854599406528|93.7978560490046|95.09493670886076|92.34860883797054|95.67796610169492|96.22144112478031|96.03102189781022|92.22011385199241|95.70158102766798|94.63917525773196|
| FASS |93.76854599406528|95.7886676875957|96.55854430379746|97.05400981996726|96.52542372881356|95.78207381370827|97.85583941605839|97.58064516129032|97.77667984189723|97.26804123711341|
| Random |93.76854599406528|93.07044410413476|94.42246835443038|92.22585924713584|90.33898305084746|94.85940246045695|94.16058394160584|95.01897533206831|92.4901185770751|95.82474226804123|
| BADGE |92.17359050445104|95.59724349157733|97.03322784810126|97.91325695581014|98.55932203389831|98.90158172231986|99.17883211678833|99.52561669829223|99.80237154150197|99.84536082474227|
---------------------------------------------------------------------
