=======================================
usps_fraction:0.5_epochs:200_no of selection:10 2020-09-09 16:03:50.039126
usps :Budget =  0.5
Validation Accuracy
---------------------------------------------------------------------
|Algo                            |227|454|681|908|1135|1362|1589|1816|2043|2270|
| One Step Taylor |87.35849056603773|91.88679245283019|81.13207547169812|86.79245283018868|88.67924528301887|88.30188679245283|89.24528301886792|89.81132075471699|90.18867924528301|73.20754716981132|
| Fac Loc Reg One Step |87.35849056603773|91.13207547169812|89.05660377358491|90.37735849056604|91.50943396226415|87.9245283018868|88.86792452830188|84.90566037735849|88.11320754716981|86.60377358490567|
| Rand Reg One Step |87.35849056603773|91.32075471698113|90.94339622641509|86.98113207547169|88.49056603773585|88.49056603773585|89.43396226415095|88.86792452830188|90.0|77.73584905660377|
| Facility Location |87.35849056603773|87.9245283018868|88.49056603773585|90.18867924528301|91.32075471698113|90.18867924528301|91.32075471698113|92.45283018867924|92.0754716981132|91.69811320754717|
| FASS |87.35849056603773|92.83018867924528|92.83018867924528|90.37735849056604|90.56603773584905|90.56603773584905|90.37735849056604|90.56603773584905|90.0|87.54716981132076|
| Random |87.35849056603773|91.88679245283019|92.26415094339623|89.81132075471699|89.43396226415095|89.62264150943396|84.15094339622641|85.66037735849056|83.9622641509434|84.52830188679245|
| BADGE |64.90566037735849|89.05660377358491|91.69811320754717|92.45283018867924|91.88679245283019|93.20754716981132|92.0754716981132|92.26415094339623|92.0754716981132|92.0754716981132|
---------------------------------------------------------------------


Test Accuracy
---------------------------------------------------------------------
|Algo                            |227|454|681|908|1135|1362|1589|1816|2043|2270|
| One Step Taylor |81.70068027210884|87.14285714285714|77.61904761904762|84.48979591836735|84.28571428571429|84.421768707483|86.66666666666667|86.3265306122449|86.59863945578232|69.1156462585034|
| Fac Loc Reg One Step |81.70068027210884|85.3061224489796|85.23809523809524|85.23809523809524|85.98639455782313|82.65306122448979|84.21768707482993|79.8639455782313|83.5374149659864|82.85714285714286|
| Rand Reg One Step |81.70068027210884|85.91836734693878|86.39455782312925|82.85714285714286|85.78231292517007|87.41496598639456|86.59863945578232|85.51020408163265|86.80272108843538|73.33333333333333|
| Facility Location |87.35849056603773|87.9245283018868|88.49056603773585|90.18867924528301|91.32075471698113|90.18867924528301|91.32075471698113|92.45283018867924|92.0754716981132|91.69811320754717|
| FASS |81.70068027210884|88.43537414965986|89.18367346938776|86.4625850340136|85.98639455782313|86.4625850340136|86.59863945578232|86.39455782312925|85.98639455782313|83.19727891156462|
| Random |81.70068027210884|86.80272108843538|87.68707482993197|85.64625850340136|84.76190476190476|84.35374149659864|81.0204081632653|79.65986394557824|79.31972789115646|80.47619047619048|
| BADGE |61.83673469387755|82.31292517006803|86.59863945578232|87.75510204081633|87.48299319727892|88.16326530612245|88.57142857142857|88.0952380952381|88.0952380952381|88.16326530612245|
---------------------------------------------------------------------


Unlabeled data Accuracy
---------------------------------------------------------------------
|Algo                            |227|454|681|908|1135|1362|1589|1816|2043|2270|
| One Step Taylor |93.34883720930233|95.33513380800393|94.77379095163806|97.70654877037856|98.26061320754717|98.95734597156398|98.63852961198094|99.07783105864995|99.31561996779388|82.10013291980505|
| Fac Loc Reg One Step |93.34883720930233|94.89319911613062|95.42381695267811|94.44597955236253|97.81839622641509|95.86097946287519|97.58339006126617|96.75396532644781|98.22866344605475|98.71510855117413|
| Rand Reg One Step |93.34883720930233|95.18900343642612|96.64760914760915|96.85256764218664|97.67373380447586|98.48580441640378|98.67527173913044|98.8962472406181|99.2776886035313|95.14563106796116|
| Facility Location |93.34883720930233|93.4446354038792|93.68174726989079|94.52887537993921|94.39858490566037|93.42812006319116|93.94145677331518|94.54075986720767|94.60547504025764|94.10722197607444|
| FASS |93.34883720930233|95.01595875276209|95.96983879355174|96.29731970157502|96.72759433962264|96.87203791469194|96.86861810755616|96.5695315381778|95.85346215780999|94.72751439964554|
| Random |93.34883720930233|92.37745098039215|93.13471502590673|94.67032967032966|94.88304093567251|95.5|95.26845637583892|95.32608695652173|95.78740157480316|96.25|
| BADGE |88.74591057797164|95.82377237264801|97.62769305252965|98.92418032786885|99.56486265977699|99.73913043478261|99.78281104560968|99.83311081441923|99.89165763813651|99.9213217938631|
---------------------------------------------------------------------
