=======================================
satimage_fraction:0.1_epochs:200_no of selection:10 2020-09-09 02:50:58.054077
satimage :Budget =  0.1
Validation Accuracy
---------------------------------------------------------------------
|Algo                            |24|48|72|96|120|144|168|192|216|240|
| One Step Taylor |66.14035087719299|46.31578947368421|58.07017543859649|65.6140350877193|51.75438596491228|50.70175438596491|51.75438596491228|72.28070175438596|62.98245614035088|74.21052631578948|
| Fac Loc Reg One Step |66.14035087719299|55.08771929824562|69.29824561403508|58.07017543859649|45.08771929824562|53.50877192982456|67.89473684210526|67.36842105263158|67.19298245614036|46.31578947368421|
| Rand Reg One Step |66.14035087719299|65.26315789473684|53.1578947368421|61.578947368421055|65.08771929824562|52.80701754385965|58.07017543859649|60.526315789473685|55.78947368421053|62.98245614035088|
| Facility Location |66.14035087719299|73.50877192982456|74.03508771929825|72.10526315789474|70.17543859649123|72.10526315789474|69.47368421052632|68.42105263157895|67.71929824561404|70.70175438596492|
| FASS |66.14035087719299|60.35087719298246|59.473684210526315|72.98245614035088|74.3859649122807|79.82456140350877|77.89473684210526|76.66666666666667|79.47368421052632|80.52631578947368|
| Random |66.14035087719299|68.42105263157895|75.78947368421052|74.03508771929825|71.75438596491227|78.42105263157895|68.59649122807018|78.94736842105263|79.29824561403508|78.0701754385965|
| BADGE |63.333333333333336|64.03508771929825|65.26315789473684|66.49122807017544|71.75438596491227|75.08771929824562|75.26315789473684|74.73684210526316|77.01754385964912|76.3157894736842|
---------------------------------------------------------------------


Test Accuracy
---------------------------------------------------------------------
|Algo                            |24|48|72|96|120|144|168|192|216|240|
| One Step Taylor |67.21958925750396|45.65560821484992|56.55608214849921|67.37756714060032|53.712480252764614|50.39494470774092|52.60663507109005|74.01263823064771|63.03317535545024|73.69668246445498|
| Fac Loc Reg One Step |67.21958925750396|56.31911532385466|69.826224328594|59.08372827804107|47.94628751974724|55.52922590837283|70.3001579778831|68.32543443917851|66.66666666666667|50.78988941548183|
| Rand Reg One Step |67.21958925750396|64.29699842022117|56.003159557661924|61.84834123222749|65.48183254344391|54.502369668246445|57.81990521327014|61.13744075829384|55.687203791469194|63.11216429699842|
| Facility Location |66.14035087719299|73.50877192982456|74.03508771929825|72.10526315789474|70.17543859649123|72.10526315789474|69.47368421052632|68.42105263157895|67.71929824561404|70.70175438596492|
| FASS |67.21958925750396|62.480252764612956|61.76935229067931|75.19747235387045|77.40916271721959|81.75355450236967|80.33175355450237|78.75197472353871|81.67456556082149|80.72669826224329|
| Random |67.21958925750396|67.4565560821485|78.35703001579779|73.69668246445498|72.59083728278041|80.41074249605056|67.77251184834124|80.96366508688783|81.75355450236967|79.77883096366509|
| BADGE |63.34913112164297|64.69194312796209|64.37598736176935|67.9304897314376|73.45971563981043|75.98736176935229|77.25118483412322|76.46129541864138|78.83096366508688|77.33017377567141|
---------------------------------------------------------------------


Unlabeled data Accuracy
---------------------------------------------------------------------
|Algo                            |24|48|72|96|120|144|168|192|216|240|
| One Step Taylor |82.0446735395189|59.33159722222222|67.89473684210526|66.53368794326241|43.27956989247312|39.6286231884058|43.956043956043956|79.39814814814815|73.92322097378278|81.39204545454545|
| Fac Loc Reg One Step |82.0446735395189|65.234375|79.16666666666667|65.46985815602837|50.94086021505376|66.53079710144928|80.08241758241758|79.44444444444444|80.19662921348315|53.172348484848484|
| Rand Reg One Step |82.0446735395189|74.7939262472885|45.44259421560035|69.32270916334662|68.29159212880143|68.77541798463623|76.98630136986301|72.86571296723581|66.88432835820896|81.42385667138143|
| Facility Location |82.0446735395189|81.90104166666667|82.01754385964912|76.68439716312056|71.95340501792114|76.04166666666667|75.32051282051282|78.51851851851852|68.02434456928839|81.62878787878788|
| FASS |82.0446735395189|70.57291666666667|67.76315789473684|80.71808510638297|83.37813620071685|84.32971014492753|82.00549450549451|82.36111111111111|83.94194756554307|83.71212121212122|
| Random |82.0446735395189|60.373263888888886|76.09649122807018|66.0017730496454|71.72939068100358|78.66847826086956|56.13553113553114|77.5|79.11985018726591|80.25568181818181|
| BADGE |81.74398625429554|82.76909722222223|82.98245614035088|85.37234042553192|85.79749103942652|86.73007246376811|86.81318681318682|87.5|87.92134831460675|87.92613636363636|
---------------------------------------------------------------------
