=======================================
red_large_linsep_4_fraction:0.2_epochs:200_no of selection:10 2020-08-31 02:06:57.993765
red_large_linsep_4 :Budget =  0.2
Validation Accuracy
---------------------------------------------------------------------
|Algo                            |70|140|210|280|350|420|490|560|630|700|
| Taylor Online |78.0|90.8|92.4|92.0|92.8|93.2|93.4|93.4|93.6|93.8|
| Full OneStep |78.0|90.8|91.8|92.4|92.6|92.8|93.0|93.0|93.4|93.6|
| Facloc Regularized |78.0|91.0|92.0|91.8|92.2|93.4|93.4|93.6|93.6|93.4|
| Random Greedy |78.0|91.0|92.2|92.2|92.6|93.4|93.6|93.4|93.2|93.4|
| Facility Location |85.2|92.4|93.2|93.0|93.2|93.0|92.8|92.2|92.6|92.8|
| FASS |78.0|85.2|88.2|88.0|86.4|86.4|86.4|87.6|90.2|92.4|
| Random |78.0|86.0|90.6|91.6|91.6|92.0|92.2|92.4|92.4|92.2|
| Random Perturbation |78.0|84.6|88.8|90.0|91.6|92.2|93.0|92.8|92.6|92.6|
| BADGE |92.0|92.4|92.4|92.2|92.8|92.6|92.8|92.6|92.6|93.0|
---------------------------------------------------------------------


Test Accuracy
---------------------------------------------------------------------
|Algo                            |70|140|210|280|350|420|490|560|630|700|
| Taylor Online |75.6|87.4|90.5|91.4|91.2|91.3|91.4|91.4|91.5|91.4|
| Full OneStep |75.6|87.4|88.7|90.3|90.6|90.7|90.4|90.7|90.7|91.1|
| Facloc Regularized |75.6|88.0|90.9|91.1|91.3|91.4|91.3|91.5|91.5|91.5|
| Random Greedy |75.6|87.8|90.5|91.7|91.3|91.2|91.3|91.4|91.1|91.3|
| Facility Location |85.2|92.4|93.2|93.0|93.2|93.0|92.8|92.2|92.6|92.8|
| FASS |75.6|85.6|88.5|88.0|87.2|86.8|86.9|87.7|89.8|91.2|
| Random |75.6|83.7|87.8|88.7|90.3|90.4|90.5|90.4|90.4|90.9|
| Random Perturbation |75.6|83.0|85.6|86.5|88.0|89.2|90.1|90.7|91.0|91.1|
| BADGE |89.1|91.2|91.9|91.1|91.3|91.0|91.5|91.1|91.1|90.8|
---------------------------------------------------------------------


Unlabeled data Accuracy
---------------------------------------------------------------------
|Algo                            |70|140|210|280|350|420|490|560|630|700|
| Taylor Online |75.94752186588921|88.42261904761905|91.1854103343465|91.7080745341615|92.47619047619048|92.6948051948052|93.2890365448505|93.9795918367347|94.35540069686411|94.60714285714286|
| Full OneStep |75.94752186588921|88.60119047619048|89.75683890577507|90.4968944099379|90.6984126984127|90.84415584415585|90.79734219269103|90.85034013605443|90.90592334494774|91.21428571428571|
| Facloc Regularized |75.94752186588921|88.95833333333333|91.51975683890578|91.24223602484471|91.77777777777777|92.66233766233766|93.12292358803987|93.33333333333333|93.86759581881533|94.21428571428571|
| Random Greedy |75.94752186588921|88.42261904761905|90.9726443768997|91.5527950310559|92.12698412698413|92.66233766233766|93.15614617940199|93.91156462585035|94.11149825783973|94.42857142857143|
| Facility Location |84.34402332361516|90.5952380952381|91.45896656534954|91.61490683229813|91.84126984126983|91.68831168831169|91.69435215946844|91.66666666666667|91.74216027874564|91.96428571428571|
| FASS |75.94752186588921|85.86309523809524|89.27051671732522|88.22981366459628|87.14285714285714|86.49350649350649|86.61129568106313|88.0952380952381|91.18466898954703|93.42857142857143|
| Random |75.94752186588921|83.57142857142857|88.84498480243161|90.0|90.60317460317461|90.48701298701299|90.93023255813954|91.29251700680273|91.25435540069687|91.14285714285714|
| Random Perturbation |75.94752186588921|83.33333333333333|86.35258358662614|87.5776397515528|89.39682539682539|90.25974025974025|90.96345514950166|91.56462585034014|91.602787456446|91.82142857142857|
| BADGE |90.08928571428571|92.00607902735563|91.64596273291926|91.65079365079364|91.72077922077922|92.15946843853821|92.27891156462584|92.82229965156795|93.07142857142857|93.26007326007326|
---------------------------------------------------------------------
