=======================================
dna_fraction:0.5_epochs:200_no of selection:10 2020-09-09 22:41:29.464626
dna :Budget =  0.5
Validation Accuracy
---------------------------------------------------------------------
|Algo                            |70|140|210|280|350|420|490|560|630|700|
| One Step Taylor |53.5|85.5|92.16666666666667|94.0|94.5|94.66666666666667|94.5|95.5|95.66666666666667|95.66666666666667|
| Fac Loc Reg One Step |53.5|86.33333333333333|91.83333333333333|93.5|94.0|95.0|95.16666666666667|95.33333333333333|95.33333333333333|96.0|
| Rand Reg One Step |53.5|86.0|92.83333333333333|93.33333333333333|94.0|95.16666666666667|94.16666666666667|95.33333333333333|95.83333333333333|95.83333333333333|
| Facility Location |53.5|85.0|91.33333333333333|91.16666666666667|91.5|91.66666666666667|91.66666666666667|92.0|93.16666666666667|93.33333333333333|
| FASS |53.5|87.0|92.33333333333333|95.16666666666667|94.83333333333333|94.33333333333333|94.16666666666667|94.0|94.33333333333333|93.0|
| Random |53.5|86.16666666666667|90.83333333333333|92.0|92.5|92.5|93.33333333333333|92.5|92.33333333333333|93.16666666666667|
| BADGE |43.333333333333336|77.83333333333333|83.16666666666667|87.33333333333333|89.0|91.66666666666667|93.16666666666667|93.5|94.66666666666667|94.83333333333333|
---------------------------------------------------------------------


Test Accuracy
---------------------------------------------------------------------
|Algo                            |70|140|210|280|350|420|490|560|630|700|
| One Step Taylor |56.82967959527824|83.72681281618887|89.79763912310287|92.15851602023609|92.4114671163575|93.3389544688027|93.08600337268128|93.17032040472175|93.59190556492412|93.67622259696459|
| Fac Loc Reg One Step |56.82967959527824|86.00337268128162|91.73693086003372|92.32715008431703|92.24283305227657|93.00168634064082|93.25463743676222|93.59190556492412|93.50758853288364|93.08600337268128|
| Rand Reg One Step |56.82967959527824|84.65430016863407|90.55649241146712|91.14671163575042|92.58010118043845|93.08600337268128|93.67622259696459|93.67622259696459|93.00168634064082|93.76053962900505|
| Facility Location |53.5|85.0|91.33333333333333|91.16666666666667|91.5|91.66666666666667|91.66666666666667|92.0|93.16666666666667|93.33333333333333|
| FASS |56.82967959527824|86.34064080944351|91.14671163575042|91.39966273187184|91.90556492411467|92.15851602023609|91.8212478920742|91.98988195615514|91.56829679595278|91.2310286677909|
| Random |56.82967959527824|85.49747048903879|89.54468802698145|90.38785834738617|90.13490725126475|89.88195615514334|90.97807757166947|90.80944350758853|90.55649241146712|91.14671163575042|
| BADGE |44.60370994940978|77.57166947723441|84.14839797639124|86.42495784148397|88.36424957841484|90.21922428330522|90.64080944350759|90.47217537942664|92.15851602023609|92.66441821247892|
---------------------------------------------------------------------


Unlabeled data Accuracy
---------------------------------------------------------------------
|Algo                            |70|140|210|280|350|420|490|560|630|700|
| One Step Taylor |52.03007518796993|87.46031746031746|92.94117647058823|94.28571428571429|96.19047619047619|97.55102040816327|97.8021978021978|98.33333333333333|98.18181818181819|98.0|
| Fac Loc Reg One Step |52.03007518796993|87.3015873015873|92.01680672268908|94.73214285714286|95.42857142857143|96.42857142857143|97.03296703296704|98.21428571428571|98.31168831168831|99.28571428571429|
| Rand Reg One Step |52.03007518796993|87.3015873015873|92.18487394957984|93.48214285714286|95.52380952380952|95.91836734693878|97.6923076923077|97.5|98.31168831168831|98.42857142857143|
| Facility Location |52.03007518796993|84.04761904761905|89.41176470588235|89.64285714285714|89.71428571428571|90.71428571428571|90.32967032967034|90.83333333333333|91.55844155844156|93.14285714285714|
| FASS |52.03007518796993|86.11111111111111|92.01680672268908|92.32142857142857|93.52380952380952|94.89795918367346|95.49450549450549|95.5952380952381|95.32467532467533|94.85714285714286|
| Random |52.03007518796993|85.64631245043616|90.01677852348993|91.00623330365093|91.84060721062619|91.97969543147208|93.01310043668123|92.08972845336481|91.6452442159383|91.11424541607899|
| BADGE |41.35338345864662|77.53968253968254|86.1344537815126|89.46428571428571|91.42857142857143|94.28571428571429|94.83516483516483|94.88095238095238|97.01298701298701|98.28571428571429|
---------------------------------------------------------------------
