=======================================
usps_fraction:0.1_epochs:200_no of selection:10 2020-09-12 19:48:09.718401
usps :Budget =  0.1
Validation Accuracy
---------------------------------------------------------------------
|Algo                            |46|92|138|184|230|276|322|368|414|460|
| One Step Taylor |69.05660377358491|62.45283018867924|75.28301886792453|86.0377358490566|80.75471698113208|85.47169811320755|89.43396226415095|87.73584905660377|90.56603773584905|88.11320754716981|
| Fac Loc Reg One Step |69.05660377358491|63.77358490566038|72.64150943396227|82.45283018867924|83.39622641509433|86.41509433962264|86.98113207547169|89.81132075471699|88.11320754716981|89.05660377358491|
| Rand Reg One Step |69.05660377358491|68.49056603773585|74.71698113207547|76.22641509433963|78.67924528301887|81.69811320754717|84.15094339622641|87.73584905660377|91.13207547169812|89.62264150943396|
| Facility Location |69.05660377358491|71.88679245283019|70.0|71.32075471698113|73.77358490566037|73.77358490566037|73.77358490566037|74.15094339622641|73.9622641509434|74.90566037735849|
| FASS |69.05660377358491|80.18867924528301|91.88679245283019|92.45283018867924|93.77358490566037|91.32075471698113|91.88679245283019|93.77358490566037|91.69811320754717|94.15094339622641|
| Random |69.05660377358491|86.60377358490567|89.05660377358491|89.24528301886792|89.24528301886792|89.81132075471699|90.18867924528301|90.0|90.94339622641509|91.13207547169812|
| BADGE |67.54716981132076|74.15094339622641|77.54716981132076|79.81132075471699|86.22641509433963|86.60377358490567|88.30188679245283|88.86792452830188|88.86792452830188|89.24528301886792|
---------------------------------------------------------------------


Test Accuracy
---------------------------------------------------------------------
|Algo                            |46|92|138|184|230|276|322|368|414|460|
| One Step Taylor |64.96598639455782|62.244897959183675|73.40136054421768|80.54421768707483|75.85034013605443|80.54421768707483|85.37414965986395|84.21768707482993|86.3265306122449|85.64625850340136|
| Fac Loc Reg One Step |64.96598639455782|62.17687074829932|71.63265306122449|76.66666666666667|81.08843537414965|84.5578231292517|84.89795918367346|86.59863945578232|84.89795918367346|85.3061224489796|
| Rand Reg One Step |64.96598639455782|66.4625850340136|70.0|73.12925170068027|75.71428571428571|77.82312925170068|81.36054421768708|81.0204081632653|85.91836734693878|86.66666666666667|
| Facility Location |64.96598639455782|69.8639455782313|69.72789115646259|70.68027210884354|72.24489795918367|72.24489795918367|71.36054421768708|71.42857142857143|72.65306122448979|72.38095238095238|
| FASS |64.96598639455782|75.71428571428571|84.96598639455782|86.93877551020408|86.3265306122449|85.03401360544218|87.27891156462584|87.82312925170068|86.25850340136054|88.02721088435374|
| Random |64.96598639455782|79.8639455782313|82.38095238095238|84.14965986394557|85.98639455782313|85.3061224489796|85.78231292517007|86.59863945578232|86.39455782312925|87.07482993197279|
| BADGE |64.76190476190476|70.61224489795919|74.421768707483|76.19047619047619|81.49659863945578|83.26530612244898|84.14965986394557|84.62585034013605|85.23809523809524|83.6734693877551|
---------------------------------------------------------------------


Unlabeled data Accuracy
---------------------------------------------------------------------
|Algo                            |46|92|138|184|230|276|322|368|414|460|
| One Step Taylor |87.43907842268499|76.18621307072516|85.75305291723203|87.31718464351006|90.92378752886836|92.92717086834733|92.82680509674374|93.46374045801527|94.11480945489629|94.78048780487805|
| Fac Loc Reg One Step |87.43907842268499|77.73052820053715|87.33604703753957|90.35648994515539|91.82448036951502|92.3202614379085|92.21330816422841|94.68034351145039|95.03135552339604|96.53658536585365|
| Rand Reg One Step |87.43907842268499|84.00089505482211|87.31916817359856|89.31262845398493|90.12459621596678|90.18419211937514|91.80018850141376|93.18885448916409|93.7650457390467|94.54855195911414|
| Facility Location |87.43907842268499|86.4816472694718|87.49434644957033|88.91681901279708|88.82217090069284|89.47245564892624|89.3581878244455|89.5276717557252|90.59334298118668|90.7560975609756|
| FASS |87.43907842268499|83.07967770814682|91.70058796924468|93.6928702010969|94.24942263279446|95.14472455648927|95.72911750825861|96.49332061068702|97.2744814278823|97.29268292682927|
| Random |87.43907842268499|86.92445239159589|87.82138024357239|88.30223031406463|89.94028479559026|88.52573018080668|90.36031820308844|90.22201228153047|90.2479732951836|91.1651420317766|
| BADGE |82.37515736466639|90.97457627118644|92.44758237056055|94.42523768366465|95.54779572239197|96.05379188712521|96.77060133630289|97.20972097209722|96.65757162346522|96.875|
---------------------------------------------------------------------
