=======================================
ijcnn1_fraction:0.2_epochs:200_no of selection:10 2020-09-10 18:10:15.886850
ijcnn1 :Budget =  0.2
Validation Accuracy
---------------------------------------------------------------------
|Algo                            |700|1400|2100|2800|3500|4200|4900|5600|6300|7000|
| One Step Taylor |76.73852573018081|79.5375521557719|83.46662030598053|82.87552155771905|86.23087621696801|88.1258692628651|90.62934631432545|93.9847009735744|93.79346314325451|94.36717663421419|
| Fac Loc Reg One Step |76.73852573018081|79.57232267037553|82.59735744089012|83.95340751043115|84.10987482614743|88.26495132127955|89.70792767732962|93.08066759388039|94.33240611961057|95.01043115438108|
| Rand Reg One Step |76.73852573018081|79.79833101529903|82.70166898470097|82.99721835883172|86.66550764951322|88.89082058414465|93.02851182197496|93.67176634214186|93.86300417246176|94.73226703755216|
| Facility Location |76.73852573018081|80.09388038942977|80.12865090403338|81.78025034770515|81.93671766342142|81.2413073713491|82.89290681502086|84.14464534075104|84.52712100139082|84.63143254520168|
| FASS |76.73852573018081|90.38595271210013|91.86369958275382|92.57649513212796|92.4547983310153|89.23852573018081|88.09109874826147|85.97009735744089|87.69123783031989|88.5952712100139|
| Random |76.73852573018081|88.07371349095966|88.71696801112657|88.40403337969401|88.3692628650904|89.77746870653685|91.13351877607789|91.15090403337969|92.2287899860918|92.15924895688457|
| BADGE |76.68636995827538|85.86578581363004|86.8741307371349|88.66481223922113|90.2816411682893|90.68150208623088|92.2287899860918|92.48956884561892|92.54172461752434|93.02851182197496|
---------------------------------------------------------------------


Test Accuracy
---------------------------------------------------------------------
|Algo                            |700|1400|2100|2800|3500|4200|4900|5600|6300|7000|
| One Step Taylor |75.88096877869606|77.29855371900827|79.41345270890726|79.64876033057851|82.07644628099173|84.47543617998163|87.68365472910928|93.15886134067952|93.47451790633609|93.84469696969697|
| Fac Loc Reg One Step |75.88096877869606|77.67160238751148|78.81083562901745|79.90128558310377|80.76216712580349|84.34630394857668|87.93904958677686|92.76859504132231|94.27800734618917|94.65966483011938|
| Rand Reg One Step |75.88096877869606|77.43916437098255|78.95431588613407|79.76641414141415|81.76652892561984|87.05234159779614|91.76997245179064|92.85468319559229|94.82897153351699|95.32828282828282|
| Facility Location |76.73852573018081|80.09388038942977|80.12865090403338|81.78025034770515|81.93671766342142|81.2413073713491|82.89290681502086|84.14464534075104|84.52712100139082|84.63143254520168|
| FASS |75.88096877869606|81.79809458218548|85.02353076216713|90.74552341597796|93.58069329660239|91.99093204775023|90.68526170798899|88.544536271809|87.67504591368228|89.29924242424242|
| Random |75.88096877869606|84.7021349862259|87.18721303948577|89.23611111111111|89.61489898989899|91.17883379247016|91.85032139577594|92.0856290174472|92.85468319559229|92.85181359044995|
| BADGE |75.81209825528008|80.29155188246098|82.73932506887053|85.36501377410468|88.79132231404958|91.0583103764922|93.0584251606979|93.00390266299357|93.81887052341598|93.77008723599633|
---------------------------------------------------------------------


Unlabeled data Accuracy
---------------------------------------------------------------------
|Algo                            |700|1400|2100|2800|3500|4200|4900|5600|6300|7000|
| One Step Taylor |90.33236151603498|90.63392857142857|91.69908814589665|93.41614906832298|94.1047619047619|95.34415584415585|96.75083056478405|97.56462585034014|98.8362369337979|99.28571428571429|
| Fac Loc Reg One Step |90.33236151603498|90.79761904761905|91.37993920972644|93.06832298136646|94.21587301587302|95.81493506493507|97.265780730897|98.37074829931973|98.87456445993031|99.00714285714285|
| Rand Reg One Step |90.33236151603498|90.95833333333333|92.0273556231003|93.3944099378882|94.76507936507936|96.4090909090909|97.01328903654485|98.421768707483|99.04878048780488|99.06785714285714|
| Facility Location |90.33236151603498|90.88690476190476|91.1033434650456|91.40683229813665|91.53650793650793|91.74675324675324|92.13621262458472|92.30952380952381|92.38675958188153|92.63928571428572|
| FASS |90.33236151603498|92.22619047619048|94.06382978723404|96.51242236024845|97.46984126984127|96.97402597402598|97.07641196013289|97.76530612244898|98.66898954703832|98.99285714285715|
| Random |90.33236151603498|88.9375|90.50455927051672|91.6055900621118|91.70793650793651|91.5487012987013|92.01661129568106|92.45578231292517|93.77700348432056|93.41071428571429|
| BADGE |90.33236151603498|92.38095238095238|94.49544072948328|96.09006211180125|97.22222222222223|98.02922077922078|98.66112956810632|98.96598639455782|99.27526132404181|99.48571428571428|
---------------------------------------------------------------------
