=======================================
connect_4_fraction:0.5_epochs:200_no of selection:10 2020-09-11 15:59:19.797182
connect_4 :Budget =  0.5
Validation Accuracy
---------------------------------------------------------------------
|Algo                            |2736|5472|8208|10944|13680|16416|19152|21888|24624|27360|
| One Step Taylor |46.87310261080753|45.41590771098968|53.066180935033394|59.50212507589557|60.35215543412265|62.41651487553127|63.752276867030965|65.99878567091682|67.82027929568913|66.48451730418944|
| Fac Loc Reg One Step |46.87310261080753|43.41226472374014|51.42683667273831|56.40558591378264|59.80570734669095|60.89860352155434|62.72009714632665|66.12021857923497|67.57741347905282|67.21311475409836|
| Rand Reg One Step |46.87310261080753|46.81238615664845|55.616272009714635|60.837887067395265|63.63084395871281|64.96660595021251|66.18093503339405|69.27747419550698|69.7632058287796|68.91317547055252|
| Facility Location |46.87310261080753|55.13054037644201|61.080752884031575|63.995142683667275|64.66302367941712|65.7559198542805|66.0595021250759|67.75956284153006|66.42380085003036|67.6381299332119|
| FASS |46.87310261080753|45.537340619307834|54.6448087431694|61.8093503339405|65.99878567091682|67.03096539162112|67.0916818457802|67.51669702489374|68.79174256223436|68.12386156648452|
| Random |46.87310261080753|54.09836065573771|59.56284153005465|61.87006678809958|64.54159077109897|65.69520340012143|67.94171220400729|71.15968427443838|71.40255009107469|70.06678809957498|
| BADGE |47.783849423193686|53.12689738919247|54.462659380692166|55.19125683060109|56.58773527625986|58.287795992714024|59.07710989678203|60.04857316332726|60.10928961748634|61.0200364298725|
---------------------------------------------------------------------


Test Accuracy
---------------------------------------------------------------------
|Algo                            |2736|5472|8208|10944|13680|16416|19152|21888|24624|27360|
| One Step Taylor |46.542827657378744|44.42724458204334|52.3219814241486|57.27554179566563|59.64912280701754|61.04231166150671|63.880288957688336|63.57069143446852|64.86068111455108|64.75748194014447|
| Fac Loc Reg One Step |46.542827657378744|43.4984520123839|50.309597523219814|55.21155830753354|58.7203302373581|60.319917440660475|62.125902992776055|63.93188854489164|66.15067079463364|65.2734778121775|
| Rand Reg One Step |46.542827657378744|46.64602683178535|55.26315789473684|59.08152734778122|61.81630546955624|63.57069143446852|65.47987616099071|65.42827657378741|66.09907120743034|65.78947368421052|
| Facility Location |46.87310261080753|55.13054037644201|61.080752884031575|63.995142683667275|64.66302367941712|65.7559198542805|66.0595021250759|67.75956284153006|66.42380085003036|67.6381299332119|
| FASS |46.542827657378744|43.962848297213625|52.115583075335394|59.23632610939112|63.0030959752322|65.94427244582043|66.30546955624355|66.66666666666667|66.92466460268318|67.02786377708978|
| Random |46.542827657378744|52.42518059855521|57.63673890608875|60.526315789473685|61.66150670794634|63.82868937048504|64.86068111455108|67.23426212590299|67.49226006191951|67.3374613003096|
| BADGE |46.388028895768834|51.96078431372549|51.857585139318886|52.94117647058823|54.90196078431372|56.5015479876161|57.378740970072236|58.771929824561404|59.80392156862745|60.68111455108359|
---------------------------------------------------------------------


Unlabeled data Accuracy
---------------------------------------------------------------------
|Algo                            |2736|5472|8208|10944|13680|16416|19152|21888|24624|27360|
| One Step Taylor |73.83233302554632|28.29556530214425|43.58660130718954|53.499634502923975|59.863547758284604|64.15256892230576|68.51102114260009|72.85879629629629|76.60818713450293|79.94152046783626|
| Fac Loc Reg One Step |73.83233302554632|26.222384665367123|41.391468868249056|51.36147660818713|58.44541910331384|63.64087301587302|67.82782276203329|72.19480994152046|76.32908027644869|79.67836257309942|
| Rand Reg One Step |73.83233302554632|32.085930678795506|49.35288300296685|59.0785536444414|64.47714647695156|69.35707014017594|73.08427503232699|75.96455434087518|78.96625033218177|81.93211297453323|
| Facility Location |73.83233302554632|53.49861923326836|60.509115927072585|64.34576023391813|65.8406432748538|68.16520467836257|69.34885290148448|70.64449317738791|71.53442317916002|71.8969298245614|
| FASS |73.83233302554632|19.47490253411306|36.68300653594771|52.14272660818713|63.41374269005848|70.84638680033417|76.0486954565902|79.19407894736842|81.65536948431685|83.07748538011695|
| Random |73.83233302554632|41.26665042235218|49.88390092879257|52.67955043859649|55.91130604288499|57.11413951545531|65.91036887089518|72.6516812865497|73.5180754917597|74.36038011695906|
| BADGE |73.80732533087104|77.16455490578298|79.16451668386652|81.07410453216374|82.83869395711501|84.81359649122807|86.62561853351328|88.76401072124756|90.88583200425306|92.93128654970761|
---------------------------------------------------------------------
