=======================================
svmguide1_fraction:0.4_epochs:200_no of selection:11 2020-09-02 08:51:27.112165
svmguide1 :Budget =  0.4
Validation Accuracy
---------------------------------------------------------------------
|Algo                            |134|268|402|536|670|804|938|1072|1206|1340|1474|
| One Step Taylor |92.23300970873787|93.20388349514563|94.1747572815534|95.14563106796116|95.14563106796116|95.14563106796116|94.8220064724919|94.8220064724919|95.14563106796116|95.14563106796116|95.14563106796116|
| Full One Step |92.23300970873787|95.14563106796116|95.46925566343042|95.46925566343042|95.46925566343042|95.46925566343042|95.46925566343042|95.46925566343042|95.46925566343042|95.46925566343042|95.46925566343042|
| Fac Loc Reg One Step |92.23300970873787|93.20388349514563|93.52750809061489|94.8220064724919|95.14563106796116|95.14563106796116|94.8220064724919|95.14563106796116|95.14563106796116|95.14563106796116|95.14563106796116|
| Rand Reg One Step |92.23300970873787|93.20388349514563|93.52750809061489|95.14563106796116|95.14563106796116|95.14563106796116|94.8220064724919|95.14563106796116|95.14563106796116|95.14563106796116|95.14563106796116|
| Facility Location |92.23300970873787|93.20388349514563|94.1747572815534|94.8220064724919|94.8220064724919|95.46925566343042|95.46925566343042|95.14563106796116|95.14563106796116|95.46925566343042|95.46925566343042|
| FASS |92.23300970873787|95.79288025889967|95.79288025889967|95.79288025889967|95.46925566343042|95.79288025889967|95.46925566343042|95.46925566343042|95.14563106796116|95.14563106796116|95.14563106796116|
| Random |92.23300970873787|94.1747572815534|93.85113268608414|94.49838187702265|95.46925566343042|95.14563106796116|95.46925566343042|95.46925566343042|95.46925566343042|95.46925566343042|95.79288025889967|
| One step Perturbation |92.23300970873787|94.49838187702265|95.46925566343042|95.46925566343042|96.11650485436893|95.46925566343042|95.46925566343042|95.79288025889967|95.46925566343042|95.46925566343042|95.46925566343042|
| BADGE |90.61488673139158|94.8220064724919|95.46925566343042|95.46925566343042|95.46925566343042|95.14563106796116|95.46925566343042|95.46925566343042|95.46925566343042|95.14563106796116|95.46925566343042|
---------------------------------------------------------------------


Test Accuracy
---------------------------------------------------------------------
|Algo                            |134|268|402|536|670|804|938|1072|1206|1340|1474|
| One Step Taylor |92.375|93.75|94.525|95.075|95.25|95.6|95.45|95.525|95.45|95.425|95.45|
| Full One Step |92.375|93.8|94.7|95.0|95.175|95.225|95.325|95.35|95.25|95.225|95.175|
| Fac Loc Reg One Step |92.375|94.025|94.325|95.1|95.325|95.35|95.375|95.3|95.325|95.325|95.35|
| Rand Reg One Step |92.375|93.775|94.65|95.0|95.4|95.575|95.5|95.525|95.475|95.45|95.425|
| Facility Location |92.23300970873787|93.20388349514563|94.1747572815534|94.8220064724919|94.8220064724919|95.46925566343042|95.46925566343042|95.14563106796116|95.14563106796116|95.46925566343042|95.46925566343042|
| FASS |92.375|93.5|94.075|94.05|94.325|94.625|94.725|95.125|95.2|95.175|95.1|
| Random |92.375|92.9|93.875|94.125|94.125|94.5|94.675|94.925|94.775|94.75|95.0|
| One step Perturbation |92.375|91.375|92.95|94.225|94.625|94.75|95.05|95.05|95.125|95.15|95.15|
| BADGE |88.775|94.4|95.25|95.3|95.3|95.4|95.3|95.5|95.575|95.5|95.5|
---------------------------------------------------------------------


Unlabeled data Accuracy
---------------------------------------------------------------------
|Algo                            |134|268|402|536|670|804|938|1072|1206|1340|1474|
| One Step Taylor |92.12086981078791|93.21984150278837|94.5310113046135|95.22140809174897|96.43926788685525|97.56182514803204|98.10010960906102|98.38647714175951|98.50141757796679|98.50107066381156|98.45524761472058|
| Full One Step |92.12086981078791|94.68740827707661|94.86709440879926|95.09397897419561|95.34109816971714|95.36746778126088|95.25027402265253|95.2362658470995|95.46375050627785|95.28907922912205|95.1385733757383|
| Fac Loc Reg One Step |92.12086981078791|92.72086879953038|93.64497402994195|95.31697992991398|97.03826955074875|97.91013584117033|98.28279137742054|98.54014598540147|98.66342648845686|98.71520342612419|98.68241708314403|
| Rand Reg One Step |92.12086981078791|93.22183098591549|94.35114503816794|95.16231699554424|96.54370222665338|97.4269819193324|97.99489609916151|98.39080459770115|98.62737182075091|98.80546075085324|98.77883310719132|
| Facility Location |92.12086981078791|93.48400352216026|94.10326917201344|94.26568971009875|94.30948419301164|94.18321142459074|94.08111070515163|94.66000768344219|94.77521263669502|94.64668094218415|94.45706497046797|
| FASS |92.12086981078791|94.68740827707661|95.20317751298504|95.50812360624403|95.94009983361065|96.48206199930338|96.8944099378882|97.27237802535537|97.73187525313892|97.98715203426124|98.45524761472058|
| Random |92.12086981078791|93.8655708834752|93.79773907729911|94.36126154826378|94.84193011647254|94.77533960292581|95.06759225429302|95.2362658470995|95.13973268529769|95.46038543897217|95.68378009995456|
| One step Perturbation |92.12086981078791|93.89492221896096|94.56156431408493|94.96654985664225|95.50748752079866|95.5067920585162|95.72524662038728|95.81252401075682|95.66626164439045|95.88865096359743|95.72921399363925|
| BADGE |90.369951990963|94.65805694159084|95.5392606171708|96.04969735584581|96.67221297836939|97.31800766283524|97.8443551333577|98.54014598540147|99.02794653705953|99.31477516059957|99.59109495683781|
---------------------------------------------------------------------
