=======================================
mnist_fraction:0.1_epochs:200_no of selection:10 2020-09-09 02:04:40.261759
mnist :Budget =  0.1
Validation Accuracy
---------------------------------------------------------------------
|Algo                            |540|1080|1620|2160|2700|3240|3780|4320|4860|5400|
| One Step Taylor |87.45|76.75|79.25|86.51666666666667|88.25|88.45|89.4|88.43333333333334|89.05|85.51666666666667|
| Fac Loc Reg One Step |87.45|79.51666666666667|55.35|76.08333333333333|77.8|81.73333333333333|83.25|81.83333333333333|81.63333333333334|82.75|
| Rand Reg One Step |87.45|85.46666666666667|83.95|88.56666666666666|88.83333333333333|90.13333333333334|90.03333333333333|90.33333333333333|88.61666666666666|88.2|
| Facility Location |87.45|88.33333333333333|88.66666666666667|88.51666666666667|88.36666666666666|88.88333333333334|89.43333333333334|89.26666666666667|89.4|89.03333333333333|
| FASS |87.45|89.06666666666666|91.76666666666667|92.38333333333334|92.18333333333334|92.68333333333334|93.78333333333333|94.03333333333333|93.88333333333334|94.5|
| Random |87.45|86.45|87.31666666666666|88.25|87.5|88.55|89.33333333333333|89.1|89.73333333333333|89.33333333333333|
| BADGE |88.43333333333334|90.91666666666667|90.7|93.2|93.03333333333333|94.1|94.83333333333333|95.73333333333333|94.73333333333333|96.05|
---------------------------------------------------------------------


Test Accuracy
---------------------------------------------------------------------
|Algo                            |540|1080|1620|2160|2700|3240|3780|4320|4860|5400|
| One Step Taylor |87.83|76.49|79.75|86.66|88.08|88.59|90.22|88.46|89.06|84.69|
| Fac Loc Reg One Step |87.83|79.14|55.26|77.01|77.92|81.66|83.34|81.68|81.2|82.97|
| Rand Reg One Step |87.83|85.32|83.46|89.19|88.67|90.4|89.95|89.84|88.07|87.5|
| Facility Location |87.45|88.33333333333333|88.66666666666667|88.51666666666667|88.36666666666666|88.88333333333334|89.43333333333334|89.26666666666667|89.4|89.03333333333333|
| FASS |87.83|88.86|91.52|92.18|91.75|92.58|93.08|93.4|92.61|93.95|
| Random |87.83|87.29|87.58|88.93|87.46|89.27|89.35|88.85|89.76|89.53|
| BADGE |88.47|91.59|90.3|93.6|92.94|93.33|94.76|95.65|95.01|96.03|
---------------------------------------------------------------------


Unlabeled data Accuracy
---------------------------------------------------------------------
|Algo                            |540|1080|1620|2160|2700|3240|3780|4320|4860|5400|
| One Step Taylor |86.77515899738123|76.73847316704459|79.4921725849561|86.53163580246914|88.45614035087719|89.18045705279748|90.33253683791318|89.65780998389694|90.0915750915751|86.98971193415638|
| Fac Loc Reg One Step |86.77515899738123|79.6787603930461|55.595647193585336|76.55285493827161|77.86549707602339|82.301024428684|83.67781760254879|82.63888888888889|82.37688237688238|84.01234567901234|
| Rand Reg One Step |86.77515899738123|84.97165532879819|83.30087819778541|88.95254629629629|88.5906432748538|90.44523246650907|90.4599761051374|90.83333333333333|89.55433455433456|89.09465020576131|
| Facility Location |86.77515899738123|87.52456538170824|88.23405880106911|87.92631172839506|87.63937621832359|87.92159180457053|88.09637594583832|88.2830112721417|88.33129833129833|88.00205761316873|
| FASS |86.77515899738123|88.4145880574452|91.0003818251241|92.02932098765432|91.76413255360623|92.41331757289204|93.31541218637993|94.01167471819646|93.59177859177859|94.68312757201646|
| Random |86.77515899738123|86.08276643990929|86.94158075601375|87.67746913580247|86.86549707602339|88.57171000788023|88.51055356431701|88.40378421900161|89.3060643060643|88.78395061728395|
| BADGE |87.73101384212495|91.14701436130008|90.83428789614356|93.15393518518519|93.10916179337232|94.10362490149724|95.50975706889686|96.27616747181965|96.26373626373626|97.24897119341564|
---------------------------------------------------------------------
