=======================================
sklearn-digits_fraction:0.1_epochs:200_no of selection:10 2020-09-05 11:27:56.049983
sklearn-digits :Budget =  0.1
Validation Accuracy
---------------------------------------------------------------------
|Algo                            |0|11|22|33|44|55|66|77|88|99|
| One Step Taylor |57.5|65.0|72.5|73.75|77.5|77.5|80.0|86.25|90.0|90.0|
| Fac Loc Reg One Step |57.5|62.5|67.5|72.5|72.5|76.25|76.25|78.75|85.0|83.75|
| Rand Reg One Step |57.5|63.75|72.5|75.0|73.75|73.75|76.25|78.75|82.5|82.5|
| Facility Location |57.5|58.75|60.0|63.75|63.75|65.0|65.0|65.0|65.0|65.0|
| FASS |57.5|71.25|75.0|77.5|76.25|77.5|81.25|85.0|87.5|87.5|
| Random |57.5|66.25|73.75|75.0|80.0|81.25|80.0|80.0|85.0|83.75|
| BADGE |51.25|61.25|68.75|67.5|66.25|68.75|71.25|67.5|73.75|68.75|
---------------------------------------------------------------------


Test Accuracy
---------------------------------------------------------------------
|Algo                            |0|11|22|33|44|55|66|77|88|99|
| One Step Taylor |61.25|70.0|78.75|75.0|76.25|78.75|82.5|86.25|91.25|91.25|
| Fac Loc Reg One Step |61.25|66.25|68.75|73.75|76.25|77.5|81.25|80.0|83.75|88.75|
| Rand Reg One Step |61.25|66.25|71.25|75.0|77.5|76.25|78.75|81.25|85.0|88.75|
| Facility Location |57.5|58.75|60.0|63.75|63.75|65.0|65.0|65.0|65.0|65.0|
| FASS |61.25|68.75|76.25|82.5|81.25|81.25|85.0|91.25|92.5|91.25|
| Random |61.25|73.75|78.75|80.0|80.0|82.5|85.0|85.0|83.75|85.0|
| BADGE |58.75|66.25|68.75|68.75|71.25|75.0|72.5|75.0|78.75|75.0|
---------------------------------------------------------------------


Unlabeled data Accuracy
---------------------------------------------------------------------
|Algo                            |0|11|22|33|44|55|66|77|88|99|
| One Step Taylor |77.44433688286544|87.573385518591|89.21859545004945|90.9|92.51769464105156|94.68302658486708|96.58738366080662|96.96652719665272|97.67195767195767|97.85867237687366|
| Fac Loc Reg One Step |77.44433688286544|83.17025440313111|89.51533135509396|91.4|93.22548028311425|94.68302658486708|94.72595656670114|95.81589958158996|96.71957671957672|97.10920770877944|
| Rand Reg One Step |77.44433688286544|85.23949169110459|89.73346495557749|91.82452642073778|93.25276938569989|93.89623601220752|94.86125385405961|95.53478712357217|96.43231899265477|96.92470837751856|
| Facility Location |77.44433688286544|78.6692759295499|84.96538081107813|88.7|88.06875631951466|88.65030674846626|89.86556359875905|89.85355648535565|89.84126984126983|90.36402569593147|
| FASS |77.44433688286544|82.38747553816047|88.4272997032641|91.6|93.62992922143579|95.19427402862986|96.27714581178904|97.48953974895397|97.77777777777777|98.28693790149893|
| Random |77.44433688286544|82.69794721407625|83.02073050345508|85.74277168494517|88.41893252769385|89.01322482197355|87.56423432682425|87.95430944963655|90.0314795383001|89.60763520678685|
| BADGE |73.48336594911937|81.70128585558852|87.1|90.29322548028311|91.00204498977506|93.17476732161323|92.36401673640168|93.65079365079364|93.46895074946467|94.69122426868906|
---------------------------------------------------------------------
