=======================================
mnist_fraction:0.3_epochs:200_no of selection:10 2020-09-09 16:06:01.308419
mnist :Budget =  0.3
Validation Accuracy
---------------------------------------------------------------------
|Algo                            |1178|2356|3534|4712|5890|7068|8246|9424|10602|11780|
| One Step Taylor |86.96666666666667|76.93333333333334|85.33333333333333|85.4|83.9|84.7|88.88333333333334|86.96666666666667|89.91666666666667|90.7|
| Fac Loc Reg One Step |86.96666666666667|77.96666666666667|85.63333333333334|86.71666666666667|89.11666666666666|79.9|81.48333333333333|89.58333333333333|91.06666666666666|90.38333333333334|
| Rand Reg One Step |86.96666666666667|78.0|80.45|81.6|82.53333333333333|81.41666666666667|82.88333333333334|82.43333333333334|81.76666666666667|89.86666666666666|
| Facility Location |86.96666666666667|86.45|87.28333333333333|86.91666666666667|86.9|87.4|88.86666666666666|88.25|88.33333333333333|88.63333333333334|
| FASS |86.96666666666667|92.56666666666666|92.5|92.4|92.0|88.86666666666666|89.96666666666667|88.26666666666667|85.61666666666666|85.8|
| Random |86.96666666666667|90.15|89.91666666666667|90.1|91.1|83.25|74.73333333333333|75.53333333333333|69.1|70.55|
| BADGE |90.55|93.66666666666667|94.68333333333334|95.9|96.01666666666667|95.76666666666667|96.28333333333333|96.83333333333333|96.5|96.91666666666667|
---------------------------------------------------------------------


Test Accuracy
---------------------------------------------------------------------
|Algo                            |1178|2356|3534|4712|5890|7068|8246|9424|10602|11780|
| One Step Taylor |86.53|76.22|86.27|85.75|84.5|84.62|89.62|86.75|89.83|90.91|
| Fac Loc Reg One Step |86.53|78.29|85.93|87.05|89.39|80.92|81.8|89.54|91.3|90.9|
| Rand Reg One Step |86.53|78.48|80.84|82.33|83.06|82.18|83.45|82.87|82.47|90.34|
| Facility Location |86.96666666666667|86.45|87.28333333333333|86.91666666666667|86.9|87.4|88.86666666666666|88.25|88.33333333333333|88.63333333333334|
| FASS |86.53|91.74|91.49|92.12|91.56|89.16|89.83|88.63|85.62|85.54|
| Random |86.53|89.95|90.0|89.67|91.13|83.2|74.38|75.62|68.58|70.83|
| BADGE |90.69|93.87|94.86|95.67|95.93|95.37|96.28|96.55|96.47|96.69|
---------------------------------------------------------------------


Unlabeled data Accuracy
---------------------------------------------------------------------
|Algo                            |1178|2356|3534|4712|5890|7068|8246|9424|10602|11780|
| One Step Taylor |91.39493943613863|84.06496570049619|91.94465451082542|93.41636495293265|95.30692416109395|96.60853616836084|97.52831467200154|98.23566900345487|98.69041382922997|99.25702006774229|
| Fac Loc Reg One Step |91.39493943613863|85.84908218323798|89.75996414867097|92.82838522809558|93.61261882628122|94.86772980198327|96.25375108902584|97.50109012846745|98.44246551423083|98.99479185635721|
| Rand Reg One Step |91.39493943613863|84.45854346293585|91.57821033468701|92.57993512511585|94.73479056100267|95.40933673152234|96.28673742620254|96.40845070422536|96.84041476102364|98.16500400495157|
| Facility Location |91.39493943613863|91.77625335538625|91.48811024283674|91.49891383055757|92.44309832968483|91.92079331032983|91.63628150108096|91.40307919364035|91.54880391129737|90.43231234293623|
| FASS |91.39493943613863|93.48716141102464|94.1237431028205|95.02968863142651|95.49284793234774|95.9992539401287|96.82165790068085|96.541777077114|97.32844421162912|97.34129730123466|
| Random |91.39493943613863|89.19732169481418|89.57977546963801|88.96928999392168|90.64980976062795|93.21928653481946|93.75302039369825|94.64662358967492|94.27506184884491|94.11892912928185|
| BADGE |89.8281019272273|94.07288358763844|95.07391114809971|96.5772601850349|97.21263770525879|97.39583333333333|98.39518555667001|98.57377340076302|98.8014744126094|99.17150150847064|
---------------------------------------------------------------------
