=======================================
svmguide1_fraction:0.4_epochs:200_no of selection:10 2020-09-09 05:33:48.996065
svmguide1 :Budget =  0.4
Validation Accuracy
---------------------------------------------------------------------
|Algo                            |112|224|336|448|560|672|784|896|1008|1120|
| One Step Taylor |95.95959595959596|97.47474747474747|97.47474747474747|97.47474747474747|96.46464646464646|96.96969696969697|96.46464646464646|97.47474747474747|97.47474747474747|97.47474747474747|
| Fac Loc Reg One Step |95.95959595959596|96.96969696969697|95.95959595959596|94.44444444444444|94.44444444444444|90.4040404040404|89.8989898989899|92.92929292929293|96.46464646464646|97.97979797979798|
| Rand Reg One Step |95.95959595959596|95.95959595959596|94.44444444444444|94.44444444444444|93.93939393939394|92.92929292929293|92.92929292929293|88.88888888888889|89.39393939393939|89.39393939393939|
| Facility Location |95.95959595959596|94.44444444444444|96.46464646464646|95.95959595959596|96.96969696969697|95.95959595959596|93.43434343434343|95.95959595959596|96.46464646464646|95.95959595959596|
| FASS |95.95959595959596|96.46464646464646|97.97979797979798|95.45454545454545|98.48484848484848|96.46464646464646|95.95959595959596|96.46464646464646|97.97979797979798|93.43434343434343|
| Random |95.95959595959596|94.94949494949495|94.94949494949495|95.95959595959596|95.45454545454545|94.44444444444444|95.45454545454545|96.46464646464646|95.45454545454545|93.43434343434343|
| BADGE |93.43434343434343|95.95959595959596|97.97979797979798|98.48484848484848|98.48484848484848|98.48484848484848|97.97979797979798|97.97979797979798|97.47474747474747|97.97979797979798|
---------------------------------------------------------------------


Test Accuracy
---------------------------------------------------------------------
|Algo                            |112|224|336|448|560|672|784|896|1008|1120|
| One Step Taylor |95.75|96.375|96.55|96.65|95.225|94.95|94.625|94.85|94.85|94.85|
| Fac Loc Reg One Step |95.75|96.175|95.375|94.85|93.575|91.025|89.825|93.85|94.925|96.325|
| Rand Reg One Step |95.75|96.225|96.35|95.475|93.975|93.625|93.625|88.575|89.1|89.1|
| Facility Location |95.95959595959596|94.44444444444444|96.46464646464646|95.95959595959596|96.96969696969697|95.95959595959596|93.43434343434343|95.95959595959596|96.46464646464646|95.95959595959596|
| FASS |95.75|95.0|95.275|92.225|94.525|94.975|95.675|94.45|95.1|93.075|
| Random |95.75|95.45|94.425|94.575|93.725|94.425|94.525|95.6|95.425|92.625|
| BADGE |94.45|96.125|96.575|96.575|96.725|96.725|96.8|96.8|96.875|96.8|
---------------------------------------------------------------------


Unlabeled data Accuracy
---------------------------------------------------------------------
|Algo                            |112|224|336|448|560|672|784|896|1008|1120|
| One Step Taylor |95.53973013493254|96.87010954616588|98.03600654664484|98.4991423670669|98.15315315315316|98.67172675521822|98.94789579158316|98.99150743099787|98.92776523702031|98.855421686747|
| Fac Loc Reg One Step |95.53973013493254|96.90923317683881|96.39934533551555|96.91252144082333|97.11711711711712|97.15370018975332|97.0440881763527|97.5583864118896|96.95259593679458|98.37349397590361|
| Rand Reg One Step |95.53973013493254|96.12827532264372|96.93376941946035|97.21627408993577|97.34712230215827|97.25508755324184|97.1028971028971|96.82707562136436|96.62921348314607|96.40503295386459|
| Facility Location |95.53973013493254|93.23161189358372|96.15384615384616|95.75471698113208|96.08108108108108|95.4933586337761|93.18637274549098|95.48832271762208|95.14672686230249|95.66265060240964|
| FASS |95.53973013493254|95.4225352112676|95.8265139116203|93.09605488850772|95.4054054054054|96.25237191650854|96.69338677354709|95.32908704883228|95.65462753950338|95.78313253012048|
| Random |95.53973013493254|94.91392801251956|94.68085106382979|94.89708404802744|93.28828828828829|94.02277039848197|94.93987975951904|95.38216560509554|95.99322799097065|93.37349397590361|
| BADGE |93.47826086956522|96.12676056338029|97.66775777414075|98.02744425385934|98.87387387387388|99.28842504743832|99.49899799599199|99.78768577494692|99.94356659142213|100.0|
---------------------------------------------------------------------
