=======================================
usps_fraction:0.1_epochs:200_no of selection:10 2020-09-12 17:18:21.567399
usps :Budget =  0.1
Validation Accuracy
---------------------------------------------------------------------
|Algo                            |46|92|138|184|230|276|322|368|414|460|
| One Step Taylor |63.0188679245283|68.49056603773585|77.73584905660377|79.62264150943396|85.47169811320755|86.98113207547169|88.49056603773585|90.18867924528301|88.86792452830188|91.50943396226415|
| Fac Loc Reg One Step |63.0188679245283|66.79245283018868|74.71698113207547|74.52830188679245|77.9245283018868|77.54716981132076|82.26415094339623|81.32075471698113|84.15094339622641|86.0377358490566|
| Rand Reg One Step |63.0188679245283|64.52830188679245|73.20754716981132|74.15094339622641|77.35849056603773|81.88679245283019|81.32075471698113|83.39622641509433|81.50943396226415|84.90566037735849|
| Facility Location |63.0188679245283|68.49056603773585|69.43396226415095|69.24528301886792|69.24528301886792|70.75471698113208|70.75471698113208|71.32075471698113|71.32075471698113|71.88679245283019|
| FASS |63.0188679245283|76.22641509433963|83.9622641509434|87.16981132075472|89.62264150943396|91.50943396226415|90.94339622641509|93.9622641509434|93.58490566037736|92.83018867924528|
| Random |63.0188679245283|78.67924528301887|84.15094339622641|86.60377358490567|87.35849056603773|89.24528301886792|88.49056603773585|89.81132075471699|88.49056603773585|91.69811320754717|
| BADGE |55.660377358490564|63.0188679245283|69.05660377358491|80.18867924528301|84.90566037735849|88.11320754716981|88.49056603773585|89.05660377358491|89.81132075471699|88.30188679245283|
---------------------------------------------------------------------


Test Accuracy
---------------------------------------------------------------------
|Algo                            |46|92|138|184|230|276|322|368|414|460|
| One Step Taylor |60.61224489795919|62.51700680272109|74.62585034013605|73.5374149659864|79.38775510204081|80.81632653061224|83.5374149659864|84.35374149659864|84.421768707483|85.23809523809524|
| Fac Loc Reg One Step |60.61224489795919|62.7891156462585|71.63265306122449|73.40136054421768|76.25850340136054|74.82993197278911|79.25170068027211|77.68707482993197|79.52380952380952|82.17687074829932|
| Rand Reg One Step |60.61224489795919|62.6530612244898|70.74829931972789|71.29251700680273|73.74149659863946|76.93877551020408|76.59863945578232|77.82312925170068|77.00680272108843|81.0204081632653|
| Facility Location |60.61224489795919|66.39455782312925|66.73469387755102|66.59863945578232|66.73469387755102|67.75510204081633|67.68707482993197|68.02721088435374|68.29931972789116|68.63945578231292|
| FASS |60.61224489795919|71.36054421768708|79.18367346938776|82.04081632653062|85.17006802721089|85.578231292517|85.23809523809524|86.87074829931973|85.4421768707483|85.91836734693878|
| Random |60.61224489795919|74.89795918367346|79.79591836734694|82.10884353741497|82.24489795918367|83.12925170068027|84.08163265306122|84.89795918367346|83.5374149659864|86.53061224489795|
| BADGE |51.156462585034014|59.65986394557823|65.91836734693878|75.85034013605443|80.34013605442176|82.58503401360544|83.74149659863946|84.01360544217687|86.3265306122449|84.76190476190476|
---------------------------------------------------------------------


Unlabeled data Accuracy
---------------------------------------------------------------------
|Algo                            |46|92|138|184|230|276|322|368|414|460|
| One Step Taylor |85.1357365376057|76.61870503597122|86.50613357564744|89.69237832874197|91.04408352668213|93.05816135084427|93.07728781412992|91.77852348993288|93.38342220067862|95.26960784313725|
| Fac Loc Reg One Step |85.1357365376057|73.94334532374101|85.16583371194912|84.75665748393021|88.81670533642692|87.5234521575985|91.29919393077287|92.32981783317354|92.97140087251576|94.55882352941177|
| Rand Reg One Step |85.1357365376057|72.87030793436728|84.71843778383288|82.12892865336086|85.95271210013908|88.84984773951746|90.0094696969697|90.26082794927017|92.18674407353653|93.95940327708486|
| Facility Location |85.1357365376057|83.97032374100719|84.59791004089051|84.96326905417814|85.26682134570765|85.67073170731707|85.68041725936463|85.97794822627037|85.89432864760059|86.1029411764706|
| FASS |85.1357365376057|78.68705035971223|84.66606088141754|89.57759412304867|92.99303944315545|93.76172607879926|95.40066382171645|95.99712368168744|96.67959282598159|96.76470588235294|
| Random |85.1357365376057|81.97126178715762|85.13819664703217|86.44261545496113|87.40193816335949|88.19282720074523|89.09261871180065|89.27384907451352|88.50023957834212|91.19496855345912|
| BADGE |76.22744439781788|86.54661016949153|90.67180145485665|93.45289541918756|94.74028808380619|95.7010582010582|96.97104677060133|97.02970297029702|97.04411095952706|97.21966911764706|
---------------------------------------------------------------------
