=======================================
svmguide1_fraction:0.1_epochs:200_no of selection:10 2020-08-31 02:10:04.586131
svmguide1 :Budget =  0.1
Validation Accuracy
---------------------------------------------------------------------
|Algo                            |28|56|84|112|140|168|196|224|252|280|
| Taylor Online |92.55663430420712|92.55663430420712|93.20388349514563|94.49838187702265|95.46925566343042|94.49838187702265|94.1747572815534|94.8220064724919|95.14563106796116|95.14563106796116|
| Full OneStep |92.55663430420712|94.49838187702265|94.1747572815534|94.8220064724919|95.14563106796116|95.14563106796116|95.14563106796116|95.14563106796116|95.14563106796116|95.14563106796116|
| Facloc Regularized |92.55663430420712|92.55663430420712|91.90938511326861|93.52750809061489|93.85113268608414|92.88025889967638|93.85113268608414|93.85113268608414|94.49838187702265|95.46925566343042|
| Random Greedy |92.55663430420712|93.20388349514563|92.55663430420712|93.85113268608414|95.46925566343042|93.52750809061489|93.85113268608414|93.52750809061489|94.8220064724919|95.14563106796116|
| Facility Location |87.05501618122977|88.3495145631068|88.67313915857605|91.2621359223301|91.90938511326861|92.23300970873787|92.23300970873787|91.90938511326861|91.90938511326861|92.23300970873787|
| FASS |92.55663430420712|94.1747572815534|95.79288025889967|96.11650485436893|96.44012944983818|96.11650485436893|95.79288025889967|95.79288025889967|95.79288025889967|95.79288025889967|
| Random |92.55663430420712|93.52750809061489|93.52750809061489|93.85113268608414|95.14563106796116|94.8220064724919|95.14563106796116|95.46925566343042|95.14563106796116|94.8220064724919|
| Random Perturbation |92.55663430420712|95.46925566343042|95.46925566343042|95.79288025889967|95.46925566343042|95.46925566343042|95.14563106796116|95.46925566343042|95.46925566343042|95.46925566343042|
| BADGE |94.1747572815534|94.8220064724919|92.88025889967638|94.49838187702265|94.49838187702265|94.1747572815534|94.49838187702265|95.14563106796116|94.8220064724919|95.14563106796116|
---------------------------------------------------------------------


Test Accuracy
---------------------------------------------------------------------
|Algo                            |28|56|84|112|140|168|196|224|252|280|
| Taylor Online |90.55|94.45|94.3|94.65|94.7|94.7|94.8|94.75|94.95|95.0|
| Full OneStep |90.55|94.9|94.625|94.675|95.075|95.1|94.775|94.75|95.15|95.125|
| Facloc Regularized |90.55|94.275|93.65|94.25|94.45|93.975|94.575|94.65|94.85|94.975|
| Random Greedy |90.55|94.75|93.65|94.775|94.9|94.5|94.725|94.8|94.8|94.95|
| Facility Location |87.05501618122977|88.3495145631068|88.67313915857605|91.2621359223301|91.90938511326861|92.23300970873787|92.23300970873787|91.90938511326861|91.90938511326861|92.23300970873787|
| FASS |90.55|94.525|94.85|94.475|94.35|93.95|94.475|94.8|95.025|94.925|
| Random |90.55|94.15|94.225|94.575|94.9|94.85|95.05|95.1|95.15|95.025|
| Random Perturbation |90.55|93.75|94.15|93.95|94.575|95.0|95.05|95.125|95.125|95.05|
| BADGE |94.65|94.825|94.275|94.7|94.65|94.5|94.725|94.775|95.025|95.1|
---------------------------------------------------------------------


Unlabeled data Accuracy
---------------------------------------------------------------------
|Algo                            |28|56|84|112|140|168|196|224|252|280|
| Taylor Online |91.27906976744185|93.75917767988253|93.8427299703264|94.82758620689656|95.11363636363636|94.8698315467075|95.1625386996904|95.22691705790298|95.64873417721519|95.88|
| Full OneStep |91.27906976744185|94.34654919236417|94.02818991097922|94.41529235382309|94.92424242424242|95.09954058192956|94.8529411764706|94.83568075117371|95.09493670886076|95.24|
| Facloc Regularized |91.27906976744185|93.20851688693098|92.65578635014836|94.11544227886057|94.12878787878788|93.98928024502297|94.69814241486068|94.99217527386541|95.37183544303798|95.56|
| Random Greedy |91.27906976744185|94.38532110091744|93.25426241660489|94.64619992512168|94.89409984871406|94.6121513183034|94.98069498069498|95.12290284822474|95.30757097791798|95.4563571143882|
| Facility Location |88.0813953488372|89.24375917767988|89.50296735905044|91.34182908545728|91.47727272727273|91.96018376722817|92.1439628482972|92.17527386541471|92.5632911392405|92.6|
| FASS |91.27906976744185|95.04405286343612|94.8813056379822|95.05247376311844|95.22727272727273|95.25267993874425|95.6656346749226|95.97026604068857|96.36075949367088|96.52|
| Random |91.27906976744185|93.50220264317181|93.28635014836796|93.81559220389805|94.62121212121212|94.5635528330781|95.1625386996904|94.91392801251956|94.81803797468355|94.72|
| Random Perturbation |91.27906976744185|93.72246696035242|94.06528189910979|93.96551724137932|94.58333333333333|94.5635528330781|94.89164086687306|94.9530516431925|94.97626582278481|94.96|
| BADGE |94.30983847283407|94.43620178041543|93.62818590704647|94.43181818181819|94.60183767228177|94.6594427244582|94.83568075117371|95.25316455696202|95.64|95.6715210355987|
---------------------------------------------------------------------
