=======================================
connect_4_fraction:0.4_epochs:200_no of selection:10 2020-09-11 14:15:40.596023
connect_4 :Budget =  0.4
Validation Accuracy
---------------------------------------------------------------------
|Algo                            |2189|4378|6567|8756|10945|13134|15323|17512|19701|21890|
| One Step Taylor |46.44808743169399|42.076502732240435|49.605343047966|54.70552519732848|57.61991499696418|58.3485124468731|60.04857316332726|60.230722525804495|62.295081967213115|65.08803885853067|
| Fac Loc Reg One Step |46.44808743169399|41.16575591985428|47.60170006071645|52.58044930176078|56.64845173041894|59.62355798421372|59.50212507589557|59.80570734669095|61.87006678809958|64.35944140862173|
| Rand Reg One Step |46.44808743169399|44.44444444444444|53.309046751669705|58.227079538554946|60.230722525804495|62.537947783849425|64.1772920461445|66.48451730418944|66.8488160291439|66.54523375834852|
| Facility Location |46.44808743169399|53.8554948391014|57.80206435944141|60.35215543412265|62.47723132969035|62.96296296296296|65.5130540376442|64.54159077109897|64.66302367941712|64.78445658773528|
| FASS |46.44808743169399|45.90163934426229|48.33029751062538|52.459016393442624|56.830601092896174|61.74863387978142|63.995142683667275|64.84517304189436|66.54523375834852|66.36308439587128|
| Random |46.44808743169399|52.70188221007893|56.16272009714633|58.46994535519126|60.837887067395265|60.89860352155434|64.11657559198542|64.35944140862173|67.33454766241651|68.12386156648452|
| BADGE |48.20886460230722|53.43047965998786|53.916211293260474|55.25197328476017|56.28415300546448|58.530661809350335|59.86642380085003|60.71645415907711|60.837887067395265|61.50576806314511|
---------------------------------------------------------------------


Test Accuracy
---------------------------------------------------------------------
|Algo                            |2189|4378|6567|8756|10945|13134|15323|17512|19701|21890|
| One Step Taylor |46.90402476780186|45.20123839009288|50.77399380804953|56.656346749226|59.958720330237355|61.35190918472652|63.77708978328173|63.673890608875126|64.08668730650155|64.44788441692467|
| Fac Loc Reg One Step |46.90402476780186|43.395252837977296|49.12280701754386|53.663570691434465|57.946336429308566|61.50670794633643|63.106295149638804|63.20949432404541|64.86068111455108|63.77708978328173|
| Rand Reg One Step |46.90402476780186|47.57481940144479|56.14035087719298|60.47471620227038|62.59029927760578|64.29308565531475|64.39628482972137|65.94427244582043|66.30546955624355|67.6470588235294|
| Facility Location |46.44808743169399|53.8554948391014|57.80206435944141|60.35215543412265|62.47723132969035|62.96296296296296|65.5130540376442|64.54159077109897|64.66302367941712|64.78445658773528|
| FASS |46.90402476780186|44.06604747162023|47.936016511867905|50.72239422084623|55.88235294117647|61.14551083591331|64.80908152734779|65.78947368421052|66.09907120743034|65.68627450980392|
| Random |46.90402476780186|54.74716202270382|57.12074303405573|59.545923632610936|62.745098039215684|63.0030959752322|63.36429308565531|63.77708978328173|67.3890608875129|66.87306501547988|
| BADGE |46.90402476780186|51.857585139318886|53.71517027863777|54.4891640866873|55.830753353973165|56.604747162022704|57.84313725490196|58.46233230134159|59.33952528379773|60.165118679050565|
---------------------------------------------------------------------


Unlabeled data Accuracy
---------------------------------------------------------------------
|Algo                            |2189|4378|6567|8756|10945|13134|15323|17512|19701|21890|
| One Step Taylor |73.95252327197274|26.47689801755989|38.10769837808652|47.56983726394569|54.302684180468304|59.21463954215361|62.989567733583776|66.55826703934638|70.19903480967474|74.70910752360646|
| Fac Loc Reg One Step |73.95252327197274|25.771721425449922|36.35910535169148|45.51605604386041|52.99828669331811|58.536526715721635|62.39815214356423|65.83261664158246|69.06250892372712|73.35973195248249|
| Rand Reg One Step |73.95252327197274|32.28452813698031|46.91932301941647|56.12069528139752|62.0274560862514|66.14892645043399|69.83985990914397|73.30377535939809|75.97567590715734|78.21188221322208|
| Facility Location |73.95252327197274|53.003456358507805|56.64859925653646|59.973022365329385|62.40319817247287|64.03837830038955|66.50506383734802|67.6709309825844|69.10534281390103|69.99390801096558|
| FASS |73.95252327197274|19.063604942195383|24.03796232841152|30.79584022278305|41.4802969731582|53.37132688885683|63.38807523415488|69.68931412599441|74.66803735115224|78.62321047822114|
| Random |73.95252327197274|41.00786588272684|45.09001806590942|48.56428105286056|52.134390060068974|52.964227329550916|54.9392270801086|57.39347697598195|69.21649778792636|70.81405260594252|
| BADGE |73.93539053130533|76.90993603750347|78.82167258530102|80.36289269863371|81.98743575099942|83.44394748232578|85.08515876843414|86.82003870135455|88.26636968502812|90.10965580261956|
---------------------------------------------------------------------
