=======================================
letter_fraction:0.3_epochs:200_no of selection:10 2020-09-12 20:02:15.705046
letter :Budget =  0.3
Validation Accuracy
---------------------------------------------------------------------
|Algo                            |315|630|945|1260|1575|1890|2205|2520|2835|3150|
| One Step Taylor |14.822222222222223|39.22222222222222|57.644444444444446|67.44444444444444|69.71111111111111|73.82222222222222|74.15555555555555|77.06666666666666|77.82222222222222|77.46666666666667|
| Fac Loc Reg One Step |14.822222222222223|39.24444444444445|56.51111111111111|65.95555555555555|69.73333333333333|73.24444444444444|75.2|75.5111111111111|76.62222222222222|77.6|
| Rand Reg One Step |14.822222222222223|37.46666666666667|58.15555555555556|65.53333333333333|70.93333333333334|74.02222222222223|74.64444444444445|76.02222222222223|77.6|78.93333333333334|
| Facility Location |14.822222222222223|48.55555555555556|63.733333333333334|68.2|71.04444444444445|73.02222222222223|74.46666666666667|76.26666666666667|77.53333333333333|77.77777777777777|
| FASS |14.822222222222223|42.044444444444444|61.17777777777778|68.0|72.02222222222223|72.6|75.44444444444444|78.57777777777778|78.75555555555556|79.64444444444445|
| Random |14.822222222222223|49.08888888888889|65.6|69.44444444444444|71.13333333333334|74.2|75.4|76.64444444444445|76.95555555555555|76.35555555555555|
| BADGE |2.577777777777778|2.577777777777778|2.577777777777778|59.71111111111111|66.55555555555556|69.31111111111112|71.5111111111111|73.71111111111111|75.22222222222223|76.44444444444444|
---------------------------------------------------------------------


Test Accuracy
---------------------------------------------------------------------
|Algo                            |315|630|945|1260|1575|1890|2205|2520|2835|3150|
| One Step Taylor |13.62|38.32|57.82|66.36|69.92|74.56|74.04|77.08|78.46|77.22|
| Fac Loc Reg One Step |13.62|38.62|57.06|65.7|69.46|73.14|75.68|75.76|76.32|77.96|
| Rand Reg One Step |13.62|36.66|58.12|64.56|70.98|74.08|74.84|76.58|77.78|78.02|
| Facility Location |13.62|47.44|63.06|68.04|70.18|72.18|74.36|75.84|76.98|77.48|
| FASS |13.62|42.32|60.42|66.96|71.0|71.66|74.86|77.36|77.78|79.48|
| Random |13.62|48.94|65.14|69.02|70.4|73.18|75.12|76.8|76.92|76.84|
| BADGE |2.54|2.54|2.54|58.96|65.96|68.5|71.38|73.74|75.26|76.66|
---------------------------------------------------------------------


Unlabeled data Accuracy
---------------------------------------------------------------------
|Algo                            |315|630|945|1260|1575|1890|2205|2520|2835|3150|
| One Step Taylor |14.75699558173785|37.892603850050655|55.8451072736787|65.08658008658008|68.8515406162465|73.08943089430895|74.85232067510549|77.95739348370927|80.70450097847358|81.6734693877551|
| Fac Loc Reg One Step |14.75699558173785|37.9128672745694|54.620617477760334|63.43073593073593|68.64985994397759|72.1486643437863|75.92525617842074|77.38095238095238|79.2433137638617|80.82993197278911|
| Rand Reg One Step |14.75699558173785|36.44007699321244|55.99037354818458|63.74553716325868|70.46701758315601|73.61578641903657|74.77412359956632|77.40077626142481|79.76019809722403|81.11156407120532|
| Facility Location |14.75699558173785|47.94326241134752|63.27577184720042|67.67316017316017|70.1624649859944|72.1718931475029|74.05666063893912|74.76190476190476|75.79908675799086|76.36734693877551|
| FASS |14.75699558173785|41.37791286727457|60.90005232862376|68.34415584415585|72.60504201680672|74.6109175377468|78.63773357444244|81.59147869674186|82.84409654272667|85.25170068027211|
| Random |14.75699558173785|48.931429150207634|64.87815082104382|68.86149854038274|70.32561262168512|72.8463768115942|75.02706604114039|76.65291838520184|76.83703992716869|76.88762369526908|
| BADGE |2.621502209131075|2.613981762917933|2.5850340136054424|60.010822510822514|66.8795518207283|69.30313588850174|72.17600964436407|74.3859649122807|76.68623613829094|78.3265306122449|
---------------------------------------------------------------------
